col row val
0 0 0.002096
1 0 0.000044
2 0 0.000014
3 0 0.000004
4 0 0.000000
5 0 0.000000
6 0 0.108149
7 0 0.232282
8 0 0.000000
9 0 0.000000
10 0 0.000002
11 0 0.000064
12 0 0.001112
13 0 0.000061
14 0 0.000004
15 0 0.000002
16 0 0.000000
17 0 0.000000
18 0 0.005234
19 0 0.188854
20 0 0.000000
21 0 0.000000
22 0 0.000000
23 0 0.000013
24 0 0.000015
25 0 0.002327
26 0 0.189449
27 0 0.122332
28 0 0.000000
29 0 0.000000
30 0 0.000000
31 0 0.000000
32 0 0.000000
33 0 0.000000
34 0 0.000044
35 0 0.000012
36 0 0.000001
37 0 0.000011
38 0 0.083405
39 0 0.054383
40 0 0.000008
41 0 0.000000
42 0 0.000000
43 0 0.000001
44 0 0.000000
45 0 0.000000
46 0 0.000303
47 0 0.000019
48 0 0.001860
49 0 0.000244
50 0 0.005698
51 0 0.001944
52 0 0.000000
53 0 0.000000
54 0 0.000000
55 0 0.000000
56 0 0.000000
57 0 0.000000
58 0 0.000000
59 0 0.000000
60 0 0.000007
61 0 0.000000

0 1 0.000016
1 1 0.000001
2 1 0.000003
3 1 0.000002
4 1 0.000000
5 1 0.000025
6 1 0.000902
7 1 0.001633
8 1 0.000000
9 1 0.000001
10 1 0.000000
11 1 0.000041
12 1 0.000553
13 1 0.000064
14 1 0.000028
15 1 0.000149
16 1 0.000000
17 1 0.000032
18 1 0.003662
19 1 0.024190
20 1 0.000001
21 1 0.000001
22 1 0.000000
23 1 0.000887
24 1 0.000000
25 1 0.000000
26 1 0.000000
27 1 0.000000
28 1 0.000000
29 1 0.000000
30 1 0.000000
31 1 0.000000
32 1 0.000000
33 1 0.000000
34 1 0.000000
35 1 0.000000
36 1 0.000000
37 1 0.000000
38 1 0.000000
39 1 0.000000
40 1 0.000000
41 1 0.000000
42 1 0.000000
43 1 0.000000
44 1 0.000000
45 1 0.000000
46 1 0.000000
47 1 0.000000
48 1 0.000000
49 1 0.000000
50 1 0.000000
51 1 0.000000
52 1 0.000000
53 1 0.000000
54 1 0.000000
55 1 0.000000
56 1 0.000000
57 1 0.000000
58 1 0.000000
59 1 0.000000
60 1 0.948684
61 1 0.019126
