col row val
0 0 0.000000
1 0 0.000000
2 0 0.000000
3 0 0.000000
4 0 0.000197
5 0 0.001691
6 0 0.033707
7 0 0.073738
8 0 0.000000
9 0 0.000003
10 0 0.000000
11 0 0.000000
12 0 0.000001
13 0 0.000001
14 0 0.000000
15 0 0.000000
16 0 0.000000
17 0 0.000045
18 0 0.091297
19 0 0.134574
20 0 0.000002
21 0 0.000001
22 0 0.000000
23 0 0.000000
24 0 0.000000
25 0 0.000000
26 0 0.002833
27 0 0.311389
28 0 0.000025
29 0 0.000004
30 0 0.000000
31 0 0.000000
32 0 0.000000
33 0 0.000000
34 0 0.000000
35 0 0.000000
36 0 0.000000
37 0 0.000000
38 0 0.000446
39 0 0.051143
40 0 0.000003
41 0 0.000002
42 0 0.000000
43 0 0.000000
44 0 0.000000
45 0 0.000000
46 0 0.000000
47 0 0.000000
48 0 0.000000
49 0 0.000001
50 0 0.108023
51 0 0.187727
52 0 0.000000
53 0 0.000000
54 0 0.000000
55 0 0.000016
56 0 0.000000
57 0 0.000000
58 0 0.000000
59 0 0.000000
60 0 0.000067
61 0 0.003061

0 1 0.000014
1 1 0.000015
2 1 0.000004
3 1 0.000000
4 1 0.000003
5 1 0.000011
6 1 0.010121
7 1 0.597233
8 1 0.000000
9 1 0.000000
10 1 0.000009
11 1 0.000000
12 1 0.000769
13 1 0.000195
14 1 0.000000
15 1 0.000000
16 1 0.000000
17 1 0.000015
18 1 0.001273
19 1 0.014212
20 1 0.000003
21 1 0.000000
22 1 0.000001
23 1 0.000003
24 1 0.000000
25 1 0.000001
26 1 0.001050
27 1 0.009269
28 1 0.000028
29 1 0.000000
30 1 0.000000
31 1 0.000000
32 1 0.000000
33 1 0.000000
34 1 0.000005
35 1 0.000000
36 1 0.000000
37 1 0.000000
38 1 0.006780
39 1 0.137971
40 1 0.000238
41 1 0.000019
42 1 0.000000
43 1 0.000000
44 1 0.000001
45 1 0.000001
46 1 0.000209
47 1 0.000006
48 1 0.000000
49 1 0.000000
50 1 0.000000
51 1 0.000000
52 1 0.000000
53 1 0.000000
54 1 0.000000
55 1 0.000000
56 1 0.000000
57 1 0.000000
58 1 0.000000
59 1 0.000000
60 1 0.001440
61 1 0.219101
