step,rx_x_m,rx_y_m,rx_z_m,loss,power_db,ground_truth_power_db
1.000000000000000000e+00,2.000000178813934326e-01,4.800000190734863281e+00,1.500000000000000000e+00,1.550397033691406250e+02,-9.408628642360083916e+01,-9.545272361794536664e+01
2.000000000000000000e+00,3.998806774616241455e-01,4.600126266479492188e+00,1.500000000000000000e+00,1.478603668212890625e+02,-9.411711988392471540e+01,-9.545272361794536664e+01
3.000000000000000000e+00,5.995575189590454102e-01,4.400469779968261719e+00,1.500000000000000000e+00,1.408385009765625000e+02,-9.414792225004738668e+01,-9.545272361794536664e+01
4.000000000000000000e+00,7.989426255226135254e-01,4.201127529144287109e+00,1.500000000000000000e+00,1.339785003662109375e+02,-9.417869349575519777e+01,-9.545272361794536664e+01
5.000000000000000000e+00,9.979444742202758789e-01,4.002201557159423828e+00,1.500000000000000000e+00,1.272846832275390625e+02,-9.420941582175046847e+01,-9.545272361794536664e+01
6.000000000000000000e+00,1.196468234062194824e+00,3.803799867630004883e+00,1.500000000000000000e+00,1.207615356445312500e+02,-9.424007670510880530e+01,-9.545272361794536664e+01
7.000000000000000000e+00,1.394415855407714844e+00,3.606036186218261719e+00,1.500000000000000000e+00,1.144129104614257812e+02,-9.427065233951265100e+01,-9.545272361794536664e+01
8.000000000000000000e+00,1.591686010360717773e+00,3.409029245376586914e+00,1.500000000000000000e+00,1.082425537109375000e+02,-9.430112866440239827e+01,-9.545272361794536664e+01
9.000000000000000000e+00,1.788174510002136230e+00,3.212903499603271484e+00,1.500000000000000000e+00,1.022540740966796875e+02,-9.433147655982088509e+01,-9.545272361794536664e+01
1.000000000000000000e+01,1.983774304389953613e+00,3.017788648605346680e+00,1.500000000000000000e+00,9.645050048828125000e+01,-9.436167173363899963e+01,-9.545272361794536664e+01
1.100000000000000000e+01,2.178375720977783203e+00,2.823819875717163086e+00,1.500000000000000000e+00,9.083474731445312500e+01,-9.439167933805700272e+01,-9.545272361794536664e+01
1.200000000000000000e+01,2.371866941452026367e+00,2.631137371063232422e+00,1.500000000000000000e+00,8.540956115722656250e+01,-9.442146930745651900e+01,-9.545272361794536664e+01
1.300000000000000000e+01,2.564133644104003906e+00,2.439886331558227539e+00,1.500000000000000000e+00,8.017683410644531250e+01,-9.445100882727774660e+01,-9.545272361794536664e+01
1.400000000000000000e+01,2.755059719085693359e+00,2.250216484069824219e+00,1.500000000000000000e+00,7.513847351074218750e+01,-9.448025821144992165e+01,-9.545272361794536664e+01
1.500000000000000000e+01,2.944527387619018555e+00,2.062282085418701172e+00,1.500000000000000000e+00,7.029587554931640625e+01,-9.450918670721058845e+01,-9.545272361794536664e+01
1.600000000000000000e+01,3.132417440414428711e+00,1.876241564750671387e+00,1.500000000000000000e+00,6.564986419677734375e+01,-9.453776083925416174e+01,-9.545272361794536664e+01
1.700000000000000000e+01,3.318609714508056641e+00,1.692257165908813477e+00,1.500000000000000000e+00,6.120108032226562500e+01,-9.456594332065313324e+01,-9.545272361794536664e+01
1.800000000000000000e+01,3.502983570098876953e+00,1.510494709014892578e+00,1.500000000000000000e+00,5.694940948486328125e+01,-9.459370650859183627e+01,-9.545272361794536664e+01
1.900000000000000000e+01,3.685417413711547852e+00,1.331122875213623047e+00,1.500000000000000000e+00,5.289455032348632812e+01,-9.462101878197981364e+01,-9.545272361794536664e+01
2.000000000000000000e+01,3.865790128707885742e+00,1.154312729835510254e+00,1.500000000000000000e+00,4.903548431396484375e+01,-9.464785886355089417e+01,-9.545272361794536664e+01
2.100000000000000000e+01,4.043980598449707031e+00,9.802376627922058105e-01,1.500000000000000000e+00,4.537090301513671875e+01,-9.467419990841115407e+01,-9.545272361794536664e+01
2.200000000000000000e+01,4.219869136810302734e+00,8.090722560882568359e-01,1.500000000000000000e+00,4.189891433715820312e+01,-9.470002394951023916e+01,-9.545272361794536664e+01
2.300000000000000000e+01,4.393336296081542969e+00,6.409918069839477539e-01,1.500000000000000000e+00,3.861708831787109375e+01,-9.472531610920819389e+01,-9.545272361794536664e+01
2.400000000000000000e+01,4.564265251159667969e+00,4.761718213558197021e-01,1.500000000000000000e+00,3.552259063720703125e+01,-9.475006183020738604e+01,-9.545272361794536664e+01
2.500000000000000000e+01,4.732540607452392578e+00,3.147871196269989014e-01,1.500000000000000000e+00,3.261207962036132812e+01,-9.477425088194478064e+01,-9.545272361794536664e+01
2.600000000000000000e+01,4.898049831390380859e+00,1.570109724998474121e-01,1.500000000000000000e+00,2.988186645507812500e+01,-9.479787785884154516e+01,-9.545272361794536664e+01
2.700000000000000000e+01,5.060683250427246094e+00,3.014421323314309120e-03,1.500000000000000000e+00,2.732757568359375000e+01,-9.482093427086741144e+01,-9.545272361794536664e+01
2.800000000000000000e+01,5.220334529876708984e+00,-1.470346301794052124e-01,1.500000000000000000e+00,2.494465446472167969e+01,-9.484341912809851749e+01,-9.545272361794536664e+01
2.900000000000000000e+01,5.376901626586914062e+00,-2.929724156856536865e-01,1.500000000000000000e+00,2.272803306579589844e+01,-9.486532878984669992e+01,-9.545272361794536664e+01
3.000000000000000000e+01,5.530286312103271484e+00,-4.346401393413543701e-01,1.500000000000000000e+00,2.067225837707519531e+01,-9.488666023651722981e+01,-9.545272361794536664e+01
3.100000000000000000e+01,5.680396080017089844e+00,-5.718850493431091309e-01,1.500000000000000000e+00,1.877158546447753906e+01,-9.490741668083245486e+01,-9.545272361794536664e+01
3.200000000000000000e+01,5.827143192291259766e+00,-7.045612931251525879e-01,1.500000000000000000e+00,1.701992797851562500e+01,-9.492759496530196373e+01,-9.545272361794536664e+01
3.300000000000000000e+01,5.970445632934570312e+00,-8.325309753417968750e-01,1.500000000000000000e+00,1.541094398498535156e+01,-9.494719632768607198e+01,-9.545272361794536664e+01
3.400000000000000000e+01,6.110228061676025391e+00,-9.556651115417480469e-01,1.500000000000000000e+00,1.393807220458984375e+01,-9.496622271405007609e+01,-9.545272361794536664e+01
3.500000000000000000e+01,6.246421337127685547e+00,-1.073844552040100098e+00,1.500000000000000000e+00,1.259450721740722656e+01,-9.498467374741912295e+01,-9.545272361794536664e+01
3.600000000000000000e+01,6.378963947296142578e+00,-1.186960935592651367e+00,1.500000000000000000e+00,1.137336444854736328e+01,-9.500254934120725636e+01,-9.545272361794536664e+01
3.700000000000000000e+01,6.507801055908203125e+00,-1.294917345046997070e+00,1.500000000000000000e+00,1.026764583587646484e+01,-9.501985429538648020e+01,-9.545272361794536664e+01
3.800000000000000000e+01,6.632885932922363281e+00,-1.397629499435424805e+00,1.500000000000000000e+00,9.270196914672851562e+00,-9.503658685350029600e+01,-9.545272361794536664e+01
3.900000000000000000e+01,6.754179477691650391e+00,-1.495026111602783203e+00,1.500000000000000000e+00,8.374013900756835938e+00,-9.505275207290749506e+01,-9.545272361794536664e+01
4.000000000000000000e+01,6.871651172637939453e+00,-1.587049722671508789e+00,1.500000000000000000e+00,7.572024345397949219e+00,-9.506835148996447060e+01,-9.545272361794536664e+01
4.100000000000000000e+01,6.985279083251953125e+00,-1.673657178878784180e+00,1.500000000000000000e+00,6.857225418090820312e+00,-9.508338576718944068e+01,-9.545272361794536664e+01
4.200000000000000000e+01,7.095048904418945312e+00,-1.754819989204406738e+00,1.500000000000000000e+00,6.222811698913574219e+00,-9.509786129999898208e+01,-9.545272361794536664e+01
4.300000000000000000e+01,7.200955867767333984e+00,-1.830524921417236328e+00,1.500000000000000000e+00,5.662032604217529297e+00,-9.511178248122317314e+01,-9.545272361794536664e+01
4.400000000000000000e+01,7.303003787994384766e+00,-1.900773763656616211e+00,1.500000000000000000e+00,5.168431282043457031e+00,-9.512515440376800768e+01,-9.545272361794536664e+01
4.500000000000000000e+01,7.401204586029052734e+00,-1.965583920478820801e+00,1.500000000000000000e+00,4.735703945159912109e+00,-9.513798010687457918e+01,-9.545272361794536664e+01
4.600000000000000000e+01,7.495579242706298828e+00,-2.024987936019897461e+00,1.500000000000000000e+00,4.357852935791015625e+00,-9.515027119102086317e+01,-9.545272361794536664e+01
4.700000000000000000e+01,7.586157321929931641e+00,-2.079033374786376953e+00,1.500000000000000000e+00,4.029118061065673828e+00,-9.516203447373769109e+01,-9.545272361794536664e+01
4.800000000000000000e+01,7.672976493835449219e+00,-2.127782821655273438e+00,1.500000000000000000e+00,3.744100809097290039e+00,-9.517327508315855766e+01,-9.545272361794536664e+01
4.900000000000000000e+01,7.756082534790039062e+00,-2.171313285827636719e+00,1.500000000000000000e+00,3.497677326202392578e+00,-9.518400557230742720e+01,-9.545272361794536664e+01
5.000000000000000000e+01,7.835529327392578125e+00,-2.209715604782104492e+00,1.500000000000000000e+00,3.285117387771606445e+00,-9.519423483621322646e+01,-9.545272361794536664e+01
5.100000000000000000e+01,7.911378383636474609e+00,-2.243093729019165039e+00,1.500000000000000000e+00,3.101951599121093750e+00,-9.520397084975611790e+01,-9.545272361794536664e+01
5.200000000000000000e+01,7.983697414398193359e+00,-2.271564483642578125e+00,1.500000000000000000e+00,2.944139003753662109e+00,-9.521323105455557823e+01,-9.545272361794536664e+01
5.300000000000000000e+01,8.052561759948730469e+00,-2.295256137847900391e+00,1.500000000000000000e+00,2.807969093322753906e+00,-9.522202118107466617e+01,-9.545272361794536664e+01
5.400000000000000000e+01,8.118053436279296875e+00,-2.314308166503906250e+00,1.500000000000000000e+00,2.690052032470703125e+00,-9.523036164332020803e+01,-9.545272361794536664e+01
5.500000000000000000e+01,8.180258750915527344e+00,-2.328869581222534180e+00,1.500000000000000000e+00,2.587368488311767578e+00,-9.523826430890005668e+01,-9.545272361794536664e+01
5.600000000000000000e+01,8.239271163940429688e+00,-2.339098691940307617e+00,1.500000000000000000e+00,2.497218847274780273e+00,-9.524573764634149597e+01,-9.545272361794536664e+01
5.700000000000000000e+01,8.295187950134277344e+00,-2.345161914825439453e+00,1.500000000000000000e+00,2.417225599288940430e+00,-9.525279759281757208e+01,-9.545272361794536664e+01
5.800000000000000000e+01,8.348112106323242188e+00,-2.347232341766357422e+00,1.500000000000000000e+00,2.345309019088745117e+00,-9.525946153196797184e+01,-9.545272361794536664e+01
5.900000000000000000e+01,8.398148536682128906e+00,-2.345489025115966797e+00,1.500000000000000000e+00,2.279679298400878906e+00,-9.526574423569508099e+01,-9.545272361794536664e+01
6.000000000000000000e+01,8.445405960083007812e+00,-2.340116262435913086e+00,1.500000000000000000e+00,2.218792915344238281e+00,-9.527165580062396089e+01,-9.545272361794536664e+01
6.100000000000000000e+01,8.489996910095214844e+00,-2.331301689147949219e+00,1.500000000000000000e+00,2.161383152008056641e+00,-9.527721988826780830e+01,-9.545272361794536664e+01
6.200000000000000000e+01,8.532034873962402344e+00,-2.319236516952514648e+00,1.500000000000000000e+00,2.106383085250854492e+00,-9.528244084658530255e+01,-9.545272361794536664e+01
6.300000000000000000e+01,8.571636199951171875e+00,-2.304113388061523438e+00,1.500000000000000000e+00,2.052948713302612305e+00,-9.528734837981440364e+01,-9.545272361794536664e+01
6.400000000000000000e+01,8.608917236328125000e+00,-2.286126136779785156e+00,1.500000000000000000e+00,2.000416040420532227e+00,-9.529194753273682750e+01,-9.545272361794536664e+01
6.500000000000000000e+01,8.643995285034179688e+00,-2.265468835830688477e+00,1.500000000000000000e+00,1.948268771171569824e+00,-9.529625568313247186e+01,-9.545272361794536664e+01
6.600000000000000000e+01,8.676987648010253906e+00,-2.242334365844726562e+00,1.500000000000000000e+00,1.896145224571228027e+00,-9.530029156615746899e+01,-9.545272361794536664e+01
6.700000000000000000e+01,8.708011627197265625e+00,-2.216914653778076172e+00,1.500000000000000000e+00,1.843820571899414062e+00,-9.530406341244744794e+01,-9.545272361794536664e+01
6.800000000000000000e+01,8.737183570861816406e+00,-2.189399003982543945e+00,1.500000000000000000e+00,1.791130781173706055e+00,-9.530759671655479792e+01,-9.545272361794536664e+01
6.900000000000000000e+01,8.764617919921875000e+00,-2.159973621368408203e+00,1.500000000000000000e+00,1.738034844398498535e+00,-9.531089826372088680e+01,-9.545272361794536664e+01
7.000000000000000000e+01,8.790429115295410156e+00,-2.128821372985839844e+00,1.500000000000000000e+00,1.684544682502746582e+00,-9.531398760126215564e+01,-9.545272361794536664e+01
7.100000000000000000e+01,8.814726829528808594e+00,-2.096120834350585938e+00,1.500000000000000000e+00,1.630764722824096680e+00,-9.531687698538274844e+01,-9.545272361794536664e+01
7.200000000000000000e+01,8.837621688842773438e+00,-2.062045574188232422e+00,1.500000000000000000e+00,1.576761841773986816e+00,-9.531958037550396057e+01,-9.545272361794536664e+01
7.300000000000000000e+01,8.859218597412109375e+00,-2.026764154434204102e+00,1.500000000000000000e+00,1.522719740867614746e+00,-9.532211261254381895e+01,-9.545272361794536664e+01
7.400000000000000000e+01,8.879620552062988281e+00,-1.990439414978027344e+00,1.500000000000000000e+00,1.468805313110351562e+00,-9.532448284335657718e+01,-9.545272361794536664e+01
7.500000000000000000e+01,8.898927688598632812e+00,-1.953228235244750977e+00,1.500000000000000000e+00,1.415176868438720703e+00,-9.532671340484202460e+01,-9.545272361794536664e+01
7.600000000000000000e+01,8.917235374450683594e+00,-1.915281176567077637e+00,1.500000000000000000e+00,1.362030625343322754e+00,-9.532880819268476102e+01,-9.545272361794536664e+01
7.700000000000000000e+01,8.934636116027832031e+00,-1.876741886138916016e+00,1.500000000000000000e+00,1.309540033340454102e+00,-9.533078387516268037e+01,-9.545272361794536664e+01
7.800000000000000000e+01,8.951218605041503906e+00,-1.837747454643249512e+00,1.500000000000000000e+00,1.257885217666625977e+00,-9.533265263504296172e+01,-9.545272361794536664e+01
7.900000000000000000e+01,8.967067718505859375e+00,-1.798427820205688477e+00,1.500000000000000000e+00,1.207219481468200684e+00,-9.533442174438926031e+01,-9.545272361794536664e+01
8.000000000000000000e+01,8.982262611389160156e+00,-1.758905887603759766e+00,1.500000000000000000e+00,1.157674670219421387e+00,-9.533610220113783384e+01,-9.545272361794536664e+01
8.100000000000000000e+01,8.996879577636718750e+00,-1.719297051429748535e+00,1.500000000000000000e+00,1.109397888183593750e+00,-9.533770873432362691e+01,-9.545272361794536664e+01
8.200000000000000000e+01,9.010989189147949219e+00,-1.679709672927856445e+00,1.500000000000000000e+00,1.062483072280883789e+00,-9.533924909256276692e+01,-9.545272361794536664e+01
8.300000000000000000e+01,9.024659156799316406e+00,-1.640244722366333008e+00,1.500000000000000000e+00,1.017025232315063477e+00,-9.534072897732943375e+01,-9.545272361794536664e+01
8.400000000000000000e+01,9.037951469421386719e+00,-1.600995779037475586e+00,1.500000000000000000e+00,9.730865955352783203e-01,-9.534215698762180580e+01,-9.545272361794536664e+01
8.500000000000000000e+01,9.050923347473144531e+00,-1.562049269676208496e+00,1.500000000000000000e+00,9.307277798652648926e-01,-9.534354627405220128e+01,-9.545272361794536664e+01
8.600000000000000000e+01,9.063629150390625000e+00,-1.523484468460083008e+00,1.500000000000000000e+00,8.899772763252258301e-01,-9.534490010082140543e+01,-9.545272361794536664e+01
8.700000000000000000e+01,9.076118469238281250e+00,-1.485373616218566895e+00,1.500000000000000000e+00,8.508417010307312012e-01,-9.534622091151690881e+01,-9.545272361794536664e+01
8.800000000000000000e+01,9.088435173034667969e+00,-1.447782158851623535e+00,1.500000000000000000e+00,8.133284449577331543e-01,-9.534752601933278982e+01,-9.545272361794536664e+01
8.900000000000000000e+01,9.100621223449707031e+00,-1.410768628120422363e+00,1.500000000000000000e+00,7.774208784103393555e-01,-9.534881210548687136e+01,-9.545272361794536664e+01
9.000000000000000000e+01,9.112711906433105469e+00,-1.374385237693786621e+00,1.500000000000000000e+00,7.431045770645141602e-01,-9.535008824299598018e+01,-9.545272361794536664e+01
9.100000000000000000e+01,9.124740600585937500e+00,-1.338677763938903809e+00,1.500000000000000000e+00,7.103241682052612305e-01,-9.535135690280300480e+01,-9.545272361794536664e+01
9.200000000000000000e+01,9.136735916137695312e+00,-1.303685903549194336e+00,1.500000000000000000e+00,6.790552139282226562e-01,-9.535262345276723295e+01,-9.545272361794536664e+01
9.300000000000000000e+01,9.148721694946289062e+00,-1.269443631172180176e+00,1.500000000000000000e+00,6.492326259613037109e-01,-9.535388954511665816e+01,-9.545272361794536664e+01
9.400000000000000000e+01,9.160720825195312500e+00,-1.235979080200195312e+00,1.500000000000000000e+00,6.208065748214721680e-01,-9.535516097067430508e+01,-9.545272361794536664e+01
9.500000000000000000e+01,9.172750473022460938e+00,-1.203315258026123047e+00,1.500000000000000000e+00,5.937139391899108887e-01,-9.535643814780564753e+01,-9.545272361794536664e+01
9.600000000000000000e+01,9.184824943542480469e+00,-1.171469926834106445e+00,1.500000000000000000e+00,5.678914189338684082e-01,-9.535772604840801137e+01,-9.545272361794536664e+01
9.700000000000000000e+01,9.196956634521484375e+00,-1.140456318855285645e+00,1.500000000000000000e+00,5.432725548744201660e-01,-9.535902343980772855e+01,-9.545272361794536664e+01
9.800000000000000000e+01,9.209154129028320312e+00,-1.110283017158508301e+00,1.500000000000000000e+00,5.197998285293579102e-01,-9.536033240119630250e+01,-9.545272361794536664e+01
9.900000000000000000e+01,9.221423149108886719e+00,-1.080954551696777344e+00,1.500000000000000000e+00,4.974060356616973877e-01,-9.536165584292129438e+01,-9.545272361794536664e+01
1.000000000000000000e+02,9.233767509460449219e+00,-1.052471399307250977e+00,1.500000000000000000e+00,4.760296046733856201e-01,-9.536299253486333782e+01,-9.545272361794536664e+01
1.010000000000000000e+02,9.246189117431640625e+00,-1.024830579757690430e+00,1.500000000000000000e+00,4.556125402450561523e-01,-9.536434456184780117e+01,-9.545272361794536664e+01
1.020000000000000000e+02,9.258686065673828125e+00,-9.980257749557495117e-01,1.500000000000000000e+00,4.360990822315216064e-01,-9.536570986470798061e+01,-9.545272361794536664e+01
1.030000000000000000e+02,9.271256446838378906e+00,-9.720475673675537109e-01,1.500000000000000000e+00,4.174297451972961426e-01,-9.536708513740128978e+01,-9.545272361794536664e+01
1.040000000000000000e+02,9.283895492553710938e+00,-9.468838572502136230e-01,1.500000000000000000e+00,3.995589613914489746e-01,-9.536847785812817335e+01,-9.545272361794536664e+01
1.050000000000000000e+02,9.296596527099609375e+00,-9.225201010704040527e-01,1.500000000000000000e+00,3.824405372142791748e-01,-9.536988762846759471e+01,-9.545272361794536664e+01
1.060000000000000000e+02,9.309351921081542969e+00,-8.989396095275878906e-01,1.500000000000000000e+00,3.660313487052917480e-01,-9.537130408468814835e+01,-9.545272361794536664e+01
1.070000000000000000e+02,9.322153091430664062e+00,-8.761236667633056641e-01,1.500000000000000000e+00,3.502880036830902100e-01,-9.537273429402702618e+01,-9.545272361794536664e+01
1.080000000000000000e+02,9.334990501403808594e+00,-8.540520668029785156e-01,1.500000000000000000e+00,3.351811468601226807e-01,-9.537417120673228510e+01,-9.545272361794536664e+01
1.090000000000000000e+02,9.347852706909179688e+00,-8.327031135559082031e-01,1.500000000000000000e+00,3.206675350666046143e-01,-9.537562106360218195e+01,-9.545272361794536664e+01
1.100000000000000000e+02,9.360729217529296875e+00,-8.120539188385009766e-01,1.500000000000000000e+00,3.067270219326019287e-01,-9.537707431497084087e+01,-9.545272361794536664e+01
1.110000000000000000e+02,9.373607635498046875e+00,-7.920806407928466797e-01,1.500000000000000000e+00,2.933323085308074951e-01,-9.537853345947823414e+01,-9.545272361794536664e+01
1.120000000000000000e+02,9.386475563049316406e+00,-7.727587819099426270e-01,1.500000000000000000e+00,2.804529964923858643e-01,-9.537999891894182269e+01,-9.545272361794536664e+01
1.130000000000000000e+02,9.399319648742675781e+00,-7.540633082389831543e-01,1.500000000000000000e+00,2.680748105049133301e-01,-9.538146445688911967e+01,-9.545272361794536664e+01
1.140000000000000000e+02,9.412127494812011719e+00,-7.359688282012939453e-01,1.500000000000000000e+00,2.561656534671783447e-01,-9.538293048955294751e+01,-9.545272361794536664e+01
1.150000000000000000e+02,9.424885749816894531e+00,-7.184497714042663574e-01,1.500000000000000000e+00,2.447188943624496460e-01,-9.538439701726737496e+01,-9.545272361794536664e+01
1.160000000000000000e+02,9.437581062316894531e+00,-7.014806270599365234e-01,1.500000000000000000e+00,2.337192744016647339e-01,-9.538585529174169153e+01,-9.545272361794536664e+01
1.170000000000000000e+02,9.450201034545898438e+00,-6.850359439849853516e-01,1.500000000000000000e+00,2.231428176164627075e-01,-9.538731738996722243e+01,-9.545272361794536664e+01
1.180000000000000000e+02,9.462733268737792969e+00,-6.690906882286071777e-01,1.500000000000000000e+00,2.129794955253601074e-01,-9.538876997544659275e+01,-9.545272361794536664e+01
1.190000000000000000e+02,9.475165367126464844e+00,-6.536201834678649902e-01,1.500000000000000000e+00,2.032185196876525879e-01,-9.539021303846722333e+01,-9.545272361794536664e+01
1.200000000000000000e+02,9.487484931945800781e+00,-6.386003494262695312e-01,1.500000000000000000e+00,1.938413828611373901e-01,-9.539164698652942320e+01,-9.545272361794536664e+01
1.210000000000000000e+02,9.499681472778320312e+00,-6.240077018737792969e-01,1.500000000000000000e+00,1.848461180925369263e-01,-9.539306972397609741e+01,-9.545272361794536664e+01
1.220000000000000000e+02,9.511743545532226562e+00,-6.098194718360900879e-01,1.500000000000000000e+00,1.762148141860961914e-01,-9.539448207448954520e+01,-9.545272361794536664e+01
1.230000000000000000e+02,9.523660659790039062e+00,-5.960137844085693359e-01,1.500000000000000000e+00,1.679362654685974121e-01,-9.539587818189096424e+01,-9.545272361794536664e+01
1.240000000000000000e+02,9.535423278808593750e+00,-5.825695395469665527e-01,1.500000000000000000e+00,1.599990725517272949e-01,-9.539726095423689856e+01,-9.545272361794536664e+01
1.250000000000000000e+02,9.547022819519042969e+00,-5.694666504859924316e-01,1.500000000000000000e+00,1.523960530757904053e-01,-9.539862285774530903e+01,-9.545272361794536664e+01
1.260000000000000000e+02,9.558450698852539062e+00,-5.566859245300292969e-01,1.500000000000000000e+00,1.451155096292495728e-01,-9.539996805220582132e+01,-9.545272361794536664e+01
1.270000000000000000e+02,9.569699287414550781e+00,-5.442092418670654297e-01,1.500000000000000000e+00,1.381462514400482178e-01,-9.540129903046413062e+01,-9.545272361794536664e+01
1.280000000000000000e+02,9.580760955810546875e+00,-5.320194363594055176e-01,1.500000000000000000e+00,1.314788311719894409e-01,-9.540260616046140285e+01,-9.545272361794536664e+01
1.290000000000000000e+02,9.591630935668945312e+00,-5.201004743576049805e-01,1.500000000000000000e+00,1.251023262739181519e-01,-9.540389234887727810e+01,-9.545272361794536664e+01
1.300000000000000000e+02,9.602302551269531250e+00,-5.084372758865356445e-01,1.500000000000000000e+00,1.190072447061538696e-01,-9.540515799544131426e+01,-9.545272361794536664e+01
1.310000000000000000e+02,9.612771034240722656e+00,-4.970159232616424561e-01,1.500000000000000000e+00,1.131855323910713196e-01,-9.540639889631572146e+01,-9.545272361794536664e+01
1.320000000000000000e+02,9.623032569885253906e+00,-4.858234524726867676e-01,1.500000000000000000e+00,1.076240390539169312e-01,-9.540761837972654291e+01,-9.545272361794536664e+01
1.330000000000000000e+02,9.633084297180175781e+00,-4.748479723930358887e-01,1.500000000000000000e+00,1.023144349455833435e-01,-9.540881391467381434e+01,-9.545272361794536664e+01
1.340000000000000000e+02,9.642923355102539062e+00,-4.640785753726959229e-01,1.500000000000000000e+00,9.724630415439605713e-02,-9.540998422451542638e+01,-9.545272361794536664e+01
1.350000000000000000e+02,9.652547836303710938e+00,-4.535053670406341553e-01,1.500000000000000000e+00,9.241139888763427734e-02,-9.541113012683028671e+01,-9.545272361794536664e+01
1.360000000000000000e+02,9.661956787109375000e+00,-4.431193768978118896e-01,1.500000000000000000e+00,8.779703825712203979e-02,-9.541225202135157701e+01,-9.545272361794536664e+01
1.370000000000000000e+02,9.671148300170898438e+00,-4.329125285148620605e-01,1.500000000000000000e+00,8.340047299861907959e-02,-9.541335030863832856e+01,-9.545272361794536664e+01
1.380000000000000000e+02,9.680123329162597656e+00,-4.228776693344116211e-01,1.500000000000000000e+00,7.920464873313903809e-02,-9.541442119655158649e+01,-9.545272361794536664e+01
1.390000000000000000e+02,9.688881874084472656e+00,-4.130084216594696045e-01,1.500000000000000000e+00,7.520905882120132446e-02,-9.541546382584881769e+01,-9.545272361794536664e+01
1.400000000000000000e+02,9.697425842285156250e+00,-4.032992720603942871e-01,1.500000000000000000e+00,7.139889150857925415e-02,-9.541648698664150174e+01,-9.545272361794536664e+01
1.410000000000000000e+02,9.705755233764648438e+00,-3.937453627586364746e-01,1.500000000000000000e+00,6.776780635118484497e-02,-9.541748185254039072e+01,-9.545272361794536664e+01
1.420000000000000000e+02,9.713872909545898438e+00,-3.843425214290618896e-01,1.500000000000000000e+00,6.430902332067489624e-02,-9.541845386065284629e+01,-9.545272361794536664e+01
1.430000000000000000e+02,9.721781730651855469e+00,-3.750872910022735596e-01,1.500000000000000000e+00,6.101343780755996704e-02,-9.541939837743515795e+01,-9.545272361794536664e+01
1.440000000000000000e+02,9.729483604431152344e+00,-3.659767210483551025e-01,1.500000000000000000e+00,5.787628516554832458e-02,-9.542032126377779377e+01,-9.545272361794536664e+01
1.450000000000000000e+02,9.736981391906738281e+00,-3.570084273815155029e-01,1.500000000000000000e+00,5.488936603069305420e-02,-9.542121746576088981e+01,-9.545272361794536664e+01
1.460000000000000000e+02,9.744279861450195312e+00,-3.481805622577667236e-01,1.500000000000000000e+00,5.204319208860397339e-02,-9.542208864718544703e+01,-9.545272361794536664e+01
1.470000000000000000e+02,9.751381874084472656e+00,-3.394916355609893799e-01,1.500000000000000000e+00,4.933496564626693726e-02,-9.542294235607334940e+01,-9.545272361794536664e+01
1.480000000000000000e+02,9.758291244506835938e+00,-3.309405744075775146e-01,1.500000000000000000e+00,4.675712063908576965e-02,-9.542376681497366064e+01,-9.545272361794536664e+01
1.490000000000000000e+02,9.765011787414550781e+00,-3.225266635417938232e-01,1.500000000000000000e+00,4.430152848362922668e-02,-9.542457293579651889e+01,-9.545272361794536664e+01
1.500000000000000000e+02,9.771549224853515625e+00,-3.142494857311248779e-01,1.500000000000000000e+00,4.196657612919807434e-02,-9.542535440218946974e+01,-9.545272361794536664e+01
1.510000000000000000e+02,9.777906417846679688e+00,-3.061088323593139648e-01,1.500000000000000000e+00,3.974426165223121643e-02,-9.542611456465854758e+01,-9.545272361794536664e+01
1.520000000000000000e+02,9.784089088439941406e+00,-2.981047332286834717e-01,1.500000000000000000e+00,3.763061389327049255e-02,-9.542685299143867894e+01,-9.545272361794536664e+01
1.530000000000000000e+02,9.790101051330566406e+00,-2.902373373508453369e-01,1.500000000000000000e+00,3.562165051698684692e-02,-9.542757640136858299e+01,-9.545272361794536664e+01
1.540000000000000000e+02,9.795948028564453125e+00,-2.825070023536682129e-01,1.500000000000000000e+00,3.371012583374977112e-02,-9.542827216621616060e+01,-9.545272361794536664e+01
1.550000000000000000e+02,9.801633834838867188e+00,-2.749140858650207520e-01,1.500000000000000000e+00,3.189276531338691711e-02,-9.542895121229959443e+01,-9.545272361794536664e+01
1.560000000000000000e+02,9.807164192199707031e+00,-2.674590647220611572e-01,1.500000000000000000e+00,3.016482107341289520e-02,-9.542961395257776758e+01,-9.545272361794536664e+01
1.570000000000000000e+02,9.812542915344238281e+00,-2.601423859596252441e-01,1.500000000000000000e+00,2.852449752390384674e-02,-9.543025659163028251e+01,-9.545272361794536664e+01
1.580000000000000000e+02,9.817774772644042969e+00,-2.529645264148712158e-01,1.500000000000000000e+00,2.696581371128559113e-02,-9.543088122522928529e+01,-9.545272361794536664e+01
1.590000000000000000e+02,9.822864532470703125e+00,-2.459259331226348877e-01,1.500000000000000000e+00,2.548441477119922638e-02,-9.543149121360207232e+01,-9.545272361794536664e+01
1.600000000000000000e+02,9.827816963195800781e+00,-2.390269935131072998e-01,1.500000000000000000e+00,2.407967299222946167e-02,-9.543208065573891474e+01,-9.545272361794536664e+01
1.610000000000000000e+02,9.832636833190917969e+00,-2.322680056095123291e-01,1.500000000000000000e+00,2.274567633867263794e-02,-9.543265501774467907e+01,-9.545272361794536664e+01
1.620000000000000000e+02,9.837327957153320312e+00,-2.256491631269454956e-01,1.500000000000000000e+00,2.147945389151573181e-02,-9.543321682063731259e+01,-9.545272361794536664e+01
1.630000000000000000e+02,9.841894149780273438e+00,-2.191706150770187378e-01,1.500000000000000000e+00,2.027908712625503540e-02,-9.543376184731349099e+01,-9.545272361794536664e+01
1.640000000000000000e+02,9.846340179443359375e+00,-2.128323316574096680e-01,1.500000000000000000e+00,1.914031989872455597e-02,-9.543428798508321620e+01,-9.545272361794536664e+01
1.650000000000000000e+02,9.850669860839843750e+00,-2.066342085599899292e-01,1.500000000000000000e+00,1.805991493165493011e-02,-9.543480660277967331e+01,-9.545272361794536664e+01
1.660000000000000000e+02,9.854887008666992188e+00,-2.005759775638580322e-01,1.500000000000000000e+00,1.703660003840923309e-02,-9.543530842751307830e+01,-9.545272361794536664e+01
1.670000000000000000e+02,9.858995437622070312e+00,-1.946571618318557739e-01,1.500000000000000000e+00,1.606693118810653687e-02,-9.543579977474087173e+01,-9.545272361794536664e+01
1.680000000000000000e+02,9.862998962402343750e+00,-1.888772249221801758e-01,1.500000000000000000e+00,1.514848135411739349e-02,-9.543627642624139185e+01,-9.545272361794536664e+01
1.690000000000000000e+02,9.866900444030761719e+00,-1.832354217767715454e-01,1.500000000000000000e+00,1.427823677659034729e-02,-9.543673837716939090e+01,-9.545272361794536664e+01
1.700000000000000000e+02,9.870702743530273438e+00,-1.777309030294418335e-01,1.500000000000000000e+00,1.345448754727840424e-02,-9.543719405391411215e+01,-9.545272361794536664e+01
1.710000000000000000e+02,9.874409675598144531e+00,-1.723626255989074707e-01,1.500000000000000000e+00,1.267537288367748260e-02,-9.543763755212246735e+01,-9.545272361794536664e+01
1.720000000000000000e+02,9.878024101257324219e+00,-1.671293824911117554e-01,1.500000000000000000e+00,1.193832792341709137e-02,-9.543806718150005963e+01,-9.545272361794536664e+01
1.730000000000000000e+02,9.881548881530761719e+00,-1.620298326015472412e-01,1.500000000000000000e+00,1.124067697674036026e-02,-9.543848884144794908e+01,-9.545272361794536664e+01
1.740000000000000000e+02,9.884985923767089844e+00,-1.570625007152557373e-01,1.500000000000000000e+00,1.058087404817342758e-02,-9.543889536039650068e+01,-9.545272361794536664e+01
1.750000000000000000e+02,9.888339042663574219e+00,-1.522257626056671143e-01,1.500000000000000000e+00,9.957905858755111694e-03,-9.543929812156791570e+01,-9.545272361794536664e+01
1.760000000000000000e+02,9.891609191894531250e+00,-1.475178897380828857e-01,1.500000000000000000e+00,9.369072504341602325e-03,-9.543968531359205087e+01,-9.545272361794536664e+01
1.770000000000000000e+02,9.894799232482910156e+00,-1.429370045661926270e-01,1.500000000000000000e+00,8.812648244202136993e-03,-9.544006663446408822e+01,-9.545272361794536664e+01
1.780000000000000000e+02,9.897911071777343750e+00,-1.384811401367187500e-01,1.500000000000000000e+00,8.286463096737861633e-03,-9.544043617645678523e+01,-9.545272361794536664e+01
1.790000000000000000e+02,9.900947570800781250e+00,-1.341482251882553101e-01,1.500000000000000000e+00,7.790302392095327377e-03,-9.544079857751002294e+01,-9.545272361794536664e+01
1.800000000000000000e+02,9.903909683227539062e+00,-1.299360543489456177e-01,1.500000000000000000e+00,7.321572862565517426e-03,-9.544115467971198541e+01,-9.545272361794536664e+01
1.810000000000000000e+02,9.906799316406250000e+00,-1.258423924446105957e-01,1.500000000000000000e+00,6.879398599267005920e-03,-9.544149815191539687e+01,-9.545272361794536664e+01
1.820000000000000000e+02,9.909618377685546875e+00,-1.218648850917816162e-01,1.500000000000000000e+00,6.461376789957284927e-03,-9.544183616520960811e+01,-9.545272361794536664e+01
1.830000000000000000e+02,9.912367820739746094e+00,-1.180011406540870667e-01,1.500000000000000000e+00,6.067365873605012894e-03,-9.544216069960572213e+01,-9.545272361794536664e+01
1.840000000000000000e+02,9.915049552917480469e+00,-1.142487004399299622e-01,1.500000000000000000e+00,5.696314387023448944e-03,-9.544248356998087957e+01,-9.545272361794536664e+01
1.850000000000000000e+02,9.917664527893066406e+00,-1.106050610542297363e-01,1.500000000000000000e+00,5.345964804291725159e-03,-9.544279760027339421e+01,-9.545272361794536664e+01
1.860000000000000000e+02,9.920214653015136719e+00,-1.070677191019058228e-01,1.500000000000000000e+00,5.015817936509847641e-03,-9.544309898940764469e+01,-9.545272361794536664e+01
1.870000000000000000e+02,9.922700881958007812e+00,-1.036340966820716858e-01,1.500000000000000000e+00,4.705015569925308228e-03,-9.544339786651421775e+01,-9.545272361794536664e+01
1.880000000000000000e+02,9.925125122070312500e+00,-1.003016307950019836e-01,1.500000000000000000e+00,4.411849658936262131e-03,-9.544368705391457297e+01,-9.545272361794536664e+01
1.890000000000000000e+02,9.927487373352050781e+00,-9.706774353981018066e-02,1.500000000000000000e+00,4.135753493756055832e-03,-9.544396950516090783e+01,-9.545272361794536664e+01
1.900000000000000000e+02,9.929789543151855469e+00,-9.392984211444854736e-02,1.500000000000000000e+00,3.876143367961049080e-03,-9.544424901909663106e+01,-9.545272361794536664e+01
1.910000000000000000e+02,9.932032585144042969e+00,-9.088536351919174194e-02,1.500000000000000000e+00,3.631295170634984970e-03,-9.544451588302396772e+01,-9.545272361794536664e+01
1.920000000000000000e+02,9.934217453002929688e+00,-8.793173730373382568e-02,1.500000000000000000e+00,3.401625901460647583e-03,-9.544477727355831576e+01,-9.545272361794536664e+01
1.930000000000000000e+02,9.936345100402832031e+00,-8.506643027067184448e-02,1.500000000000000000e+00,3.184813074767589569e-03,-9.544503276739405351e+01,-9.545272361794536664e+01
1.940000000000000000e+02,9.938416481018066406e+00,-8.228696882724761963e-02,1.500000000000000000e+00,2.981496974825859070e-03,-9.544527982944687494e+01,-9.545272361794536664e+01
1.950000000000000000e+02,9.940433502197265625e+00,-7.959086447954177856e-02,1.500000000000000000e+00,2.789952559396624565e-03,-9.544552268191409894e+01,-9.545272361794536664e+01
1.960000000000000000e+02,9.942396163940429688e+00,-7.697572559118270874e-02,1.500000000000000000e+00,2.609890187159180641e-03,-9.544575794499294830e+01,-9.545272361794536664e+01
1.970000000000000000e+02,9.944305419921875000e+00,-7.443913817405700684e-02,1.500000000000000000e+00,2.440709155052900314e-03,-9.544598688467627312e+01,-9.545272361794536664e+01
1.980000000000000000e+02,9.946162223815917969e+00,-7.197877764701843262e-02,1.500000000000000000e+00,2.282076748088002205e-03,-9.544621161211749438e+01,-9.545272361794536664e+01
1.990000000000000000e+02,9.947967529296875000e+00,-6.959236413240432739e-02,1.500000000000000000e+00,2.132888650521636009e-03,-9.544642874704430824e+01,-9.545272361794536664e+01
2.000000000000000000e+02,9.949722290039062500e+00,-6.727767735719680786e-02,1.500000000000000000e+00,1.992672681808471680e-03,-9.544663913326226634e+01,-9.545272361794536664e+01
2.010000000000000000e+02,9.951427459716796875e+00,-6.503257155418395996e-02,1.500000000000000000e+00,1.861430355347692966e-03,-9.544684276978999549e+01,-9.545272361794536664e+01
2.020000000000000000e+02,9.953083992004394531e+00,-6.285493075847625732e-02,1.500000000000000000e+00,1.738057006150484085e-03,-9.544704261325890116e+01,-9.545272361794536664e+01
2.030000000000000000e+02,9.954692840576171875e+00,-6.074275076389312744e-02,1.500000000000000000e+00,1.622566021978855133e-03,-9.544723486036899374e+01,-9.545272361794536664e+01
2.040000000000000000e+02,9.956254005432128906e+00,-5.869404226541519165e-02,1.500000000000000000e+00,1.513928640633821487e-03,-9.544742584834222043e+01,-9.545272361794536664e+01
2.050000000000000000e+02,9.957769393920898438e+00,-5.670689791440963745e-02,1.500000000000000000e+00,1.412323443219065666e-03,-9.544760670310333239e+01,-9.545272361794536664e+01
2.060000000000000000e+02,9.959239959716796875e+00,-5.477946624159812927e-02,1.500000000000000000e+00,1.317133428528904915e-03,-9.544778333955574112e+01,-9.545272361794536664e+01
2.070000000000000000e+02,9.960666656494140625e+00,-5.290998145937919617e-02,1.500000000000000000e+00,1.227849395945668221e-03,-9.544795660238568757e+01,-9.545272361794536664e+01
2.080000000000000000e+02,9.962049484252929688e+00,-5.109672248363494873e-02,1.500000000000000000e+00,1.144483452662825584e-03,-9.544812395548646577e+01,-9.545272361794536664e+01
2.090000000000000000e+02,9.963390350341796875e+00,-4.933802038431167603e-02,1.500000000000000000e+00,1.066154334694147110e-03,-9.544828751133861999e+01,-9.545272361794536664e+01
2.100000000000000000e+02,9.964689254760742188e+00,-4.763227328658103943e-02,1.500000000000000000e+00,9.931601816788315773e-04,-9.544844219773446525e+01,-9.545272361794536664e+01
2.110000000000000000e+02,9.965948104858398438e+00,-4.597795009613037109e-02,1.500000000000000000e+00,9.245399851351976395e-04,-9.544859435366278433e+01,-9.545272361794536664e+01
2.120000000000000000e+02,9.967167854309082031e+00,-4.437356442213058472e-02,1.500000000000000000e+00,8.606215124018490314e-04,-9.544873932940939198e+01,-9.545272361794536664e+01
2.130000000000000000e+02,9.968348503112792969e+00,-4.281770810484886169e-02,1.500000000000000000e+00,8.009155280888080597e-04,-9.544888092846917971e+01,-9.545272361794536664e+01
2.140000000000000000e+02,9.969491958618164062e+00,-4.130900651216506958e-02,1.500000000000000000e+00,7.449086988344788551e-04,-9.544901957321584973e+01,-9.545272361794536664e+01
2.150000000000000000e+02,9.970598220825195312e+00,-3.984614089131355286e-02,1.500000000000000000e+00,6.927931681275367737e-04,-9.544915526336630762e+01,-9.545272361794536664e+01
2.160000000000000000e+02,9.971669197082519531e+00,-3.842786699533462524e-02,1.500000000000000000e+00,6.439099088311195374e-04,-9.544928377134277753e+01,-9.545272361794536664e+01
2.170000000000000000e+02,9.972704887390136719e+00,-3.705294057726860046e-02,1.500000000000000000e+00,5.985053139738738537e-04,-9.544941059215277335e+01,-9.545272361794536664e+01
2.180000000000000000e+02,9.973707199096679688e+00,-3.572018444538116455e-02,1.500000000000000000e+00,5.558515549637377262e-04,-9.544953234361459238e+01,-9.545272361794536664e+01
2.190000000000000000e+02,9.974676132202148438e+00,-3.442844375967979431e-02,1.500000000000000000e+00,5.161077715456485748e-04,-9.544964902530179529e+01,-9.545272361794536664e+01
2.200000000000000000e+02,9.975612640380859375e+00,-3.317665681242942810e-02,1.500000000000000000e+00,4.790686944033950567e-04,-9.544976275068751193e+01,-9.545272361794536664e+01
2.210000000000000000e+02,9.976518630981445312e+00,-3.196376189589500427e-02,1.500000000000000000e+00,4.446668026503175497e-04,-9.544987267396501807e+01,-9.545272361794536664e+01
2.220000000000000000e+02,9.977394104003906250e+00,-3.078874759376049042e-02,1.500000000000000000e+00,4.124652186874300241e-04,-9.544997668085844111e+01,-9.545272361794536664e+01
2.230000000000000000e+02,9.978240013122558594e+00,-2.965061925351619720e-02,1.500000000000000000e+00,3.823824808932840824e-04,-9.545008069024271435e+01,-9.545272361794536664e+01
2.240000000000000000e+02,9.979057312011718750e+00,-2.854840829968452454e-02,1.500000000000000000e+00,3.544859355315566063e-04,-9.545018131957880314e+01,-9.545272361794536664e+01
2.250000000000000000e+02,9.979846954345703125e+00,-2.748120203614234924e-02,1.500000000000000000e+00,3.285482525825500488e-04,-9.545027391754040025e+01,-9.545272361794536664e+01
2.260000000000000000e+02,9.980609893798828125e+00,-2.644809707999229431e-02,1.500000000000000000e+00,3.041936433874070644e-04,-9.545036609464111166e+01,-9.545272361794536664e+01
2.270000000000000000e+02,9.981346130371093750e+00,-2.544820681214332581e-02,1.500000000000000000e+00,2.817100030370056629e-04,-9.545045489094601976e+01,-9.545272361794536664e+01
2.280000000000000000e+02,9.982057571411132812e+00,-2.448068186640739441e-02,1.500000000000000000e+00,2.608193317428231239e-04,-9.545054242050915150e+01,-9.545272361794536664e+01
2.290000000000000000e+02,9.982744216918945312e+00,-2.354468405246734619e-02,1.500000000000000000e+00,2.413368056295439601e-04,-9.545062656895039765e+01,-9.545272361794536664e+01
2.300000000000000000e+02,9.983407020568847656e+00,-2.263939194381237030e-02,1.500000000000000000e+00,2.232590923085808754e-04,-9.545070733607323632e+01,-9.545272361794536664e+01
2.310000000000000000e+02,9.984046936035156250e+00,-2.176404930651187897e-02,1.500000000000000000e+00,2.064103027805685997e-04,-9.545078556744100240e+01,-9.545272361794536664e+01
2.320000000000000000e+02,9.984664916992187500e+00,-2.091783843934535980e-02,1.500000000000000000e+00,1.907904370455071330e-04,-9.545085703408432209e+01,-9.545272361794536664e+01
2.330000000000000000e+02,9.985260963439941406e+00,-2.009999938309192657e-02,1.500000000000000000e+00,1.762096362654119730e-04,-9.545093188502491444e+01,-9.545272361794536664e+01
2.340000000000000000e+02,9.985836029052734375e+00,-1.930982060730457306e-02,1.500000000000000000e+00,1.627461169846355915e-04,-9.545100081669316694e+01,-9.545272361794536664e+01
2.350000000000000000e+02,9.986391067504882812e+00,-1.854657195508480072e-02,1.500000000000000000e+00,1.502375962445512414e-04,-9.545106552042021519e+01,-9.545272361794536664e+01
2.360000000000000000e+02,9.986927032470703125e+00,-1.780952140688896179e-02,1.500000000000000000e+00,1.386865333188325167e-04,-9.545113022511125678e+01,-9.545272361794536664e+01
2.370000000000000000e+02,9.987443923950195312e+00,-1.709793694317340851e-02,1.500000000000000000e+00,1.278988784179091454e-04,-9.545119154744023149e+01,-9.545272361794536664e+01
2.380000000000000000e+02,9.987942695617675781e+00,-1.641114242374897003e-02,1.500000000000000000e+00,1.179450919153168797e-04,-9.545125667693088189e+01,-9.545272361794536664e+01
2.390000000000000000e+02,9.988423347473144531e+00,-1.574845612049102783e-02,1.500000000000000000e+00,1.086723204934969544e-04,-9.545131334884084140e+01,-9.545272361794536664e+01
2.400000000000000000e+02,9.988887786865234375e+00,-1.510919537395238876e-02,1.500000000000000000e+00,1.002137141767889261e-04,-9.545136959855736336e+01,-9.545272361794536664e+01
2.410000000000000000e+02,9.989335060119628906e+00,-1.449271012097597122e-02,1.500000000000000000e+00,9.227094415109604597e-05,-9.545142500312567790e+01,-9.545272361794536664e+01
2.420000000000000000e+02,9.989766120910644531e+00,-1.389835588634014130e-02,1.500000000000000000e+00,8.491805056110024452e-05,-9.545147575602230461e+01,-9.545272361794536664e+01
2.430000000000000000e+02,9.990181922912597656e+00,-1.332549098879098892e-02,1.500000000000000000e+00,7.814647688064724207e-05,-9.545152777835689051e+01,-9.545272361794536664e+01
2.440000000000000000e+02,9.990583419799804688e+00,-1.277351472526788712e-02,1.500000000000000000e+00,7.182419358287006617e-05,-9.545157599473562016e+01,-9.545272361794536664e+01
2.450000000000000000e+02,9.990969657897949219e+00,-1.224177889525890350e-02,1.500000000000000000e+00,6.603206566069275141e-05,-9.545162336573427808e+01,-9.545272361794536664e+01
2.460000000000000000e+02,9.991342544555664062e+00,-1.172966975718736649e-02,1.500000000000000000e+00,6.068142829462885857e-05,-9.545166777651481027e+01,-9.545272361794536664e+01
2.470000000000000000e+02,9.991702079772949219e+00,-1.123658940196037292e-02,1.500000000000000000e+00,5.578252603299915791e-05,-9.545171007291847332e+01,-9.545272361794536664e+01
2.480000000000000000e+02,9.992048263549804688e+00,-1.076194643974304199e-02,1.500000000000000000e+00,5.120581772644072771e-05,-9.545175110082361414e+01,-9.545272361794536664e+01
2.490000000000000000e+02,9.992381095886230469e+00,-1.030518114566802979e-02,1.500000000000000000e+00,4.698005795944482088e-05,-9.545179382101302679e+01,-9.545272361794536664e+01
2.500000000000000000e+02,9.992702484130859375e+00,-9.865703992545604706e-03,1.500000000000000000e+00,4.308061033952981234e-05,-9.545183315779668476e+01,-9.545272361794536664e+01
2.510000000000000000e+02,9.993011474609375000e+00,-9.442945942282676697e-03,1.500000000000000000e+00,3.956911677960306406e-05,-9.545186911108265804e+01,-9.545272361794536664e+01
2.520000000000000000e+02,9.993309020996093750e+00,-9.036396630108356476e-03,1.500000000000000000e+00,3.622383519541472197e-05,-9.545190717959218318e+01,-9.545272361794536664e+01
2.530000000000000000e+02,9.993596076965332031e+00,-8.645501919090747833e-03,1.500000000000000000e+00,3.320706309750676155e-05,-9.545194228751344667e+01,-9.545272361794536664e+01
2.540000000000000000e+02,9.993871688842773438e+00,-8.269754238426685333e-03,1.500000000000000000e+00,3.040433512069284916e-05,-9.545197274280754129e+01,-9.545272361794536664e+01
2.550000000000000000e+02,9.994136810302734375e+00,-7.908643223345279694e-03,1.500000000000000000e+00,2.781052899081259966e-05,-9.545200658227369672e+01,-9.545272361794536664e+01
2.560000000000000000e+02,9.994392395019531250e+00,-7.561690174043178558e-03,1.500000000000000000e+00,2.546986797824501991e-05,-9.545203661502074510e+01,-9.545272361794536664e+01
2.570000000000000000e+02,9.994638442993164062e+00,-7.228379137814044952e-03,1.500000000000000000e+00,2.332455187570303679e-05,-9.545206791697815163e+01,-9.545272361794536664e+01
2.580000000000000000e+02,9.994874954223632812e+00,-6.908255629241466522e-03,1.500000000000000000e+00,2.130797656718641520e-05,-9.545209541212686588e+01,-9.545272361794536664e+01
2.590000000000000000e+02,9.995101928710937500e+00,-6.600873079150915146e-03,1.500000000000000000e+00,1.944955147337168455e-05,-9.545212290744963468e+01,-9.545272361794536664e+01
2.600000000000000000e+02,9.995320320129394531e+00,-6.305770948529243469e-03,1.500000000000000000e+00,1.775589771568775177e-05,-9.545215294100114534e+01,-9.545272361794536664e+01
2.610000000000000000e+02,9.995530128479003906e+00,-6.022507324814796448e-03,1.500000000000000000e+00,1.621918636374175549e-05,-9.545217620657111013e+01,-9.545272361794536664e+01
2.620000000000000000e+02,9.995732307434082031e+00,-5.750663112848997116e-03,1.500000000000000000e+00,1.479205093346536160e-05,-9.545220243336305543e+01,-9.545272361794536664e+01
2.630000000000000000e+02,9.995925903320312500e+00,-5.489790346473455429e-03,1.500000000000000000e+00,1.348330988548696041e-05,-9.545222358411712094e+01,-9.545272361794536664e+01
2.640000000000000000e+02,9.996111869812011719e+00,-5.239538848400115967e-03,1.500000000000000000e+00,1.228044857271015644e-05,-9.545224727308394108e+01,-9.545272361794536664e+01
2.650000000000000000e+02,9.996290206909179688e+00,-4.999490454792976379e-03,1.500000000000000000e+00,1.119165972340852022e-05,-9.545226927009738915e+01,-9.545272361794536664e+01
2.660000000000000000e+02,9.996461868286132812e+00,-4.769308026880025864e-03,1.500000000000000000e+00,1.018882903736084700e-05,-9.545229126722226454e+01,-9.545272361794536664e+01
2.670000000000000000e+02,9.996626853942871094e+00,-4.548616241663694382e-03,1.500000000000000000e+00,9.276744094677269459e-06,-9.545230945723660909e+01,-9.545272361794536664e+01
2.680000000000000000e+02,9.996785163879394531e+00,-4.337047226727008820e-03,1.500000000000000000e+00,8.416012860834598541e-06,-9.545232976245890200e+01,-9.545272361794536664e+01
2.690000000000000000e+02,9.996936798095703125e+00,-4.134234040975570679e-03,1.500000000000000000e+00,7.667549652978777885e-06,-9.545234879869100553e+01,-9.545272361794536664e+01
2.700000000000000000e+02,9.997081756591796875e+00,-3.939863294363021851e-03,1.500000000000000000e+00,6.958740414120256901e-06,-9.545236487379645496e+01,-9.545272361794536664e+01
2.710000000000000000e+02,9.997220993041992188e+00,-3.753594122827053070e-03,1.500000000000000000e+00,6.324975402094423771e-06,-9.545238348715075460e+01,-9.545272361794536664e+01
2.720000000000000000e+02,9.997354507446289062e+00,-3.575136885046958923e-03,1.500000000000000000e+00,5.725829396396875381e-06,-9.545239829328501457e+01,-9.545272361794536664e+01
2.730000000000000000e+02,9.997482299804687500e+00,-3.404214512556791306e-03,1.500000000000000000e+00,5.197100108489394188e-06,-9.545241521464312484e+01,-9.545272361794536664e+01
2.740000000000000000e+02,9.997604370117187500e+00,-3.240511985495686531e-03,1.500000000000000000e+00,4.712986992672085762e-06,-9.545242832874100714e+01,-9.545272361794536664e+01
2.750000000000000000e+02,9.997721672058105469e+00,-3.083773422986268997e-03,1.500000000000000000e+00,4.265835741534829140e-06,-9.545244313502813327e+01,-9.545272361794536664e+01
2.760000000000000000e+02,9.997833251953125000e+00,-2.933729672804474831e-03,1.500000000000000000e+00,3.857843694277107716e-06,-9.545245709528796851e+01,-9.545272361794536664e+01
2.770000000000000000e+02,9.997940063476562500e+00,-2.790130442008376122e-03,1.500000000000000000e+00,3.493172698654234409e-06,-9.545247020951229899e+01,-9.545272361794536664e+01
2.780000000000000000e+02,9.998043060302734375e+00,-2.652730792760848999e-03,1.500000000000000000e+00,3.160108462907373905e-06,-9.545248205465219371e+01,-9.545272361794536664e+01
2.790000000000000000e+02,9.998141288757324219e+00,-2.521271351724863052e-03,1.500000000000000000e+00,2.858258085325360298e-06,-9.545249643807979112e+01,-9.545272361794536664e+01
2.800000000000000000e+02,9.998234748840332031e+00,-2.395519753918051720e-03,1.500000000000000000e+00,2.571570803411304951e-06,-9.545250659111617608e+01,-9.545272361794536664e+01
2.810000000000000000e+02,9.998324394226074219e+00,-2.275258302688598633e-03,1.500000000000000000e+00,2.318600309081375599e-06,-9.545251759026572813e+01,-9.545272361794536664e+01
2.820000000000000000e+02,9.998410224914550781e+00,-2.160266740247607231e-03,1.500000000000000000e+00,2.093773218803107738e-06,-9.545252858944311924e+01,-9.545272361794536664e+01
2.830000000000000000e+02,9.998492240905761719e+00,-2.050338080152869225e-03,1.500000000000000000e+00,1.897191395983099937e-06,-9.545253831950789447e+01,-9.545272361794536664e+01
2.840000000000000000e+02,9.998570442199707031e+00,-1.945260562933981419e-03,1.500000000000000000e+00,1.701948349364101887e-06,-9.545254762654677450e+01,-9.545272361794536664e+01
2.850000000000000000e+02,9.998644828796386719e+00,-1.844870857894420624e-03,1.500000000000000000e+00,1.525186235085129738e-06,-9.545255820275153269e+01,-9.545272361794536664e+01
2.860000000000000000e+02,9.998715400695800781e+00,-1.748997718095779419e-03,1.500000000000000000e+00,1.370281097479164600e-06,-9.545256581763489123e+01,-9.545272361794536664e+01
2.870000000000000000e+02,9.998783111572265625e+00,-1.657466753385961056e-03,1.500000000000000000e+00,1.232110662385821342e-06,-9.545257427863207056e+01,-9.545272361794536664e+01
2.880000000000000000e+02,9.998847961425781250e+00,-1.570092514157295227e-03,1.500000000000000000e+00,1.115186023525893688e-06,-9.545258400879922078e+01,-9.545272361794536664e+01
2.890000000000000000e+02,9.998909950256347656e+00,-1.486685709096491337e-03,1.500000000000000000e+00,9.949144441634416580e-07,-9.545258908541680398e+01,-9.545272361794536664e+01
2.900000000000000000e+02,9.998968124389648438e+00,-1.407115021720528603e-03,1.500000000000000000e+00,8.918286766856908798e-07,-9.545259585424949478e+01,-9.545272361794536664e+01
2.910000000000000000e+02,9.999024391174316406e+00,-1.331214560195803642e-03,1.500000000000000000e+00,7.954949978739023209e-07,-9.545260431530519440e+01,-9.545272361794536664e+01
2.920000000000000000e+02,9.999077796936035156e+00,-1.258858712390065193e-03,1.500000000000000000e+00,7.123744580894708633e-07,-9.545261023805397826e+01,-9.545272361794536664e+01
2.930000000000000000e+02,9.999128341674804688e+00,-1.189898001030087471e-03,1.500000000000000000e+00,6.384943844750523567e-07,-9.545261700691965245e+01,-9.545272361794536664e+01
2.940000000000000000e+02,9.999176979064941406e+00,-1.124186790548264980e-03,1.500000000000000000e+00,5.652109393849968910e-07,-9.545262377579584268e+01,-9.545272361794536664e+01
2.950000000000000000e+02,9.999222755432128906e+00,-1.061596325598657131e-03,1.500000000000000000e+00,5.082838470116257668e-07,-9.545262716023790972e+01,-9.545272361794536664e+01
2.960000000000000000e+02,9.999266624450683594e+00,-1.001995289698243141e-03,1.500000000000000000e+00,4.531757440418004990e-07,-9.545263223690595566e+01,-9.545272361794536664e+01
2.970000000000000000e+02,9.999307632446289062e+00,-9.452443919144570827e-04,1.500000000000000000e+00,4.060711944475769997e-07,-9.545263900580587801e+01,-9.545272361794536664e+01
2.980000000000000000e+02,9.999346733093261719e+00,-8.912519551813602448e-04,1.500000000000000000e+00,3.597378963604569435e-07,-9.545264365943071994e+01,-9.545272361794536664e+01
2.990000000000000000e+02,9.999383926391601562e+00,-8.399026701226830482e-04,1.500000000000000000e+00,3.179011400789022446e-07,-9.545264873611805001e+01,-9.545272361794536664e+01
3.000000000000000000e+02,9.999419212341308594e+00,-7.910789572633802891e-04,1.500000000000000000e+00,2.866436261683702469e-07,-9.545265000529079202e+01,-9.545272361794536664e+01
3.010000000000000000e+02,9.999452590942382812e+00,-7.446677773259580135e-04,1.500000000000000000e+00,2.532469807192683220e-07,-9.545265592810190469e+01,-9.545272361794536664e+01
3.020000000000000000e+02,9.999485015869140625e+00,-7.005752995610237122e-04,1.500000000000000000e+00,2.254237188026309013e-07,-9.545265973562760564e+01,-9.545272361794536664e+01
3.030000000000000000e+02,9.999515533447265625e+00,-6.587215466424822807e-04,1.500000000000000000e+00,1.979788066819310188e-07,-9.545266354315663193e+01,-9.545272361794536664e+01
3.040000000000000000e+02,9.999544143676757812e+00,-6.190426065586507320e-04,1.500000000000000000e+00,1.754087861627340317e-07,-9.545266777374834533e+01,-9.545272361794536664e+01
3.050000000000000000e+02,9.999571800231933594e+00,-5.813938914798200130e-04,1.500000000000000000e+00,1.569569576531648636e-07,-9.545267115822470316e+01,-9.545272361794536664e+01
3.060000000000000000e+02,9.999597549438476562e+00,-5.456873332150280476e-04,1.500000000000000000e+00,1.363368937745690346e-07,-9.545267496576373389e+01,-9.545272361794536664e+01
3.070000000000000000e+02,9.999622344970703125e+00,-5.118795088492333889e-04,1.500000000000000000e+00,1.219596015289425850e-07,-9.545267538882384883e+01,-9.545272361794536664e+01
3.080000000000000000e+02,9.999646186828613281e+00,-4.798538866452872753e-04,1.500000000000000000e+00,1.066509867087006569e-07,-9.545267835024569081e+01,-9.545272361794536664e+01
3.090000000000000000e+02,9.999668121337890625e+00,-4.495496978051960468e-04,1.500000000000000000e+00,9.490759111940860748e-08,-9.545268173473027673e+01,-9.545272361794536664e+01
3.100000000000000000e+02,9.999689102172851562e+00,-4.208684840705245733e-04,1.500000000000000000e+00,8.146162144839763641e-08,-9.545268511921750587e+01,-9.545272361794536664e+01
3.110000000000000000e+02,9.999709129333496094e+00,-3.937616420444101095e-04,1.500000000000000000e+00,7.198832463473081589e-08,-9.545268554227860136e+01,-9.545272361794536664e+01
3.120000000000000000e+02,9.999728202819824219e+00,-3.681235539261251688e-04,1.500000000000000000e+00,6.223854143172502518e-08,-9.545269146513817304e+01,-9.545272361794536664e+01
3.130000000000000000e+02,9.999746322631835938e+00,-3.438830026425421238e-04,1.500000000000000000e+00,5.534093361347913742e-08,-9.545268934983026554e+01,-9.545272361794536664e+01
3.140000000000000000e+02,9.999763488769531250e+00,-3.209760761819779873e-04,1.500000000000000000e+00,4.885077942162752151e-08,-9.545269188819987960e+01,-9.545272361794536664e+01
3.150000000000000000e+02,9.999779701232910156e+00,-2.993334201164543629e-04,1.500000000000000000e+00,4.182220436632633209e-08,-9.545269569575710022e+01,-9.545272361794536664e+01
3.160000000000000000e+02,9.999794960021972656e+00,-2.789047430269420147e-04,1.500000000000000000e+00,3.620516508817672729e-08,-9.545269823413043753e+01,-9.545272361794536664e+01
3.170000000000000000e+02,9.999809265136718750e+00,-2.596570120658725500e-04,1.500000000000000000e+00,3.182503860443830490e-08,-9.545270034944267934e+01,-9.545272361794536664e+01
3.180000000000000000e+02,9.999822616577148438e+00,-2.414977643638849258e-04,1.500000000000000000e+00,2.713932190090417862e-08,-9.545270204169321460e+01,-9.545272361794536664e+01
3.190000000000000000e+02,9.999835014343261719e+00,-2.243722119601443410e-04,1.500000000000000000e+00,2.382148522883653641e-08,-9.545270415700730382e+01,-9.545272361794536664e+01
3.200000000000000000e+02,9.999846458435058594e+00,-2.082268183585256338e-04,1.500000000000000000e+00,2.111482899636030197e-08,-9.545270373394441776e+01,-9.545272361794536664e+01
3.210000000000000000e+02,9.999857902526855469e+00,-1.930404250742867589e-04,1.500000000000000000e+00,1.718581188470125198e-08,-9.545270669538560071e+01,-9.545272361794536664e+01
3.220000000000000000e+02,9.999868392944335938e+00,-1.787551009329035878e-04,1.500000000000000000e+00,1.434818841516971588e-08,-9.545270796457529627e+01,-9.545272361794536664e+01
3.230000000000000000e+02,9.999877929687500000e+00,-1.653081999393180013e-04,1.500000000000000000e+00,1.312582753598690033e-08,-9.545270796457529627e+01,-9.545272361794536664e+01
3.240000000000000000e+02,9.999887466430664062e+00,-1.526826235931366682e-04,1.500000000000000000e+00,1.133594196289777756e-08,-9.545270965682880160e+01,-9.545272361794536664e+01
3.250000000000000000e+02,9.999896049499511719e+00,-1.408466050634160638e-04,1.500000000000000000e+00,9.502400644123554230e-09,-9.545270838763860866e+01,-9.545272361794536664e+01
3.260000000000000000e+02,9.999904632568359375e+00,-1.297366397920995951e-04,1.500000000000000000e+00,8.090864866971969604e-09,-9.545271177214659986e+01,-9.545272361794536664e+01
3.270000000000000000e+02,9.999912261962890625e+00,-1.193306161439977586e-04,1.500000000000000000e+00,6.548361852765083313e-09,-9.545271346440159732e+01,-9.545272361794536664e+01
3.280000000000000000e+02,9.999919891357421875e+00,-1.095858897315338254e-04,1.500000000000000000e+00,5.733454599976539612e-09,-9.545271473359326819e+01,-9.545272361794536664e+01
3.290000000000000000e+02,9.999926567077636719e+00,-1.004474179353564978e-04,1.500000000000000000e+00,4.845787771046161652e-09,-9.545271515665723427e+01,-9.545272361794536664e+01
3.300000000000000000e+02,9.999933242797851562e+00,-9.188232070300728083e-05,1.500000000000000000e+00,4.147295840084552765e-09,-9.545271515665723427e+01,-9.545272361794536664e+01
3.310000000000000000e+02,9.999938964843750000e+00,-8.385665569221600890e-05,1.500000000000000000e+00,3.681634552776813507e-09,-9.545271600278530855e+01,-9.545272361794536664e+01
3.320000000000000000e+02,9.999944686889648438e+00,-7.638412353117018938e-05,1.500000000000000000e+00,2.764863893389701843e-09,-9.545271600278530855e+01,-9.545272361794536664e+01
3.330000000000000000e+02,9.999949455261230469e+00,-6.938511069165542722e-05,1.500000000000000000e+00,2.299202606081962585e-09,-9.545271769504195447e+01,-9.545272361794536664e+01
3.340000000000000000e+02,9.999954223632812500e+00,-6.285255949478596449e-05,1.500000000000000000e+00,2.022716216742992401e-09,-9.545271811810620477e+01,-9.545272361794536664e+01
3.350000000000000000e+02,9.999958992004394531e+00,-5.676779619534499943e-05,1.500000000000000000e+00,1.586158759891986847e-09,-9.545271981036366071e+01,-9.545272361794536664e+01
3.360000000000000000e+02,9.999962806701660156e+00,-5.112654253025539219e-05,1.500000000000000000e+00,1.367880031466484070e-09,-9.545271854117049770e+01,-9.545272361794536664e+01
3.370000000000000000e+02,9.999966621398925781e+00,-4.586798968375660479e-05,1.500000000000000000e+00,1.295120455324649811e-09,-9.545271854117049770e+01,-9.545272361794536664e+01
3.380000000000000000e+02,9.999970436096191406e+00,-4.098193312529474497e-05,1.500000000000000000e+00,9.458744898438453674e-10,-9.545272023342812417e+01,-9.545272361794536664e+01
3.390000000000000000e+02,9.999974250793457031e+00,-3.645926699391566217e-05,1.500000000000000000e+00,6.548361852765083313e-10,-9.545271981036366071e+01,-9.545272361794536664e+01
3.400000000000000000e+02,9.999977111816406250e+00,-3.230442962376400828e-05,1.500000000000000000e+00,5.238689482212066650e-10,-9.545272065649264448e+01,-9.545272361794536664e+01
3.410000000000000000e+02,9.999979972839355469e+00,-2.845148992491886020e-05,1.500000000000000000e+00,3.783497959375381470e-10,-9.545272107955719321e+01,-9.545272361794536664e+01
3.420000000000000000e+02,9.999982833862304688e+00,-2.487056008249055594e-05,1.500000000000000000e+00,3.783497959375381470e-10,-9.545272107955719321e+01,-9.545272361794536664e+01
3.430000000000000000e+02,9.999985694885253906e+00,-2.156267692043911666e-05,1.500000000000000000e+00,2.037268131971359253e-10,-9.545272150262178457e+01,-9.545272361794536664e+01
3.440000000000000000e+02,9.999987602233886719e+00,-1.851347406045533717e-05,1.500000000000000000e+00,2.764863893389701843e-10,-9.545272065649264448e+01,-9.545272361794536664e+01
3.450000000000000000e+02,9.999989509582519531e+00,-1.567205981700681150e-05,1.500000000000000000e+00,1.600710675120353699e-10,-9.545272065649264448e+01,-9.545272361794536664e+01
3.460000000000000000e+02,9.999991416931152344e+00,-1.305864316236693412e-05,1.500000000000000000e+00,8.731149137020111084e-11,-9.545272065649264448e+01,-9.545272361794536664e+01
3.470000000000000000e+02,9.999993324279785156e+00,-1.067436915036523715e-05,1.500000000000000000e+00,2.910383045673370361e-11,-9.545272150262178457e+01,-9.545272361794536664e+01
3.480000000000000000e+02,9.999995231628417969e+00,-8.513875400240067393e-06,1.500000000000000000e+00,4.365574568510055542e-11,-9.545272234875110939e+01,-9.545272361794536664e+01
3.490000000000000000e+02,9.999997138977050781e+00,-6.525102890009293333e-06,1.500000000000000000e+00,1.455191522836685181e-11,-9.545272404101019958e+01,-9.545272361794536664e+01
3.500000000000000000e+02,9.999998092651367188e+00,-4.691079993790481240e-06,1.500000000000000000e+00,1.455191522836685181e-11,-9.545272234875110939e+01,-9.545272361794536664e+01
3.510000000000000000e+02,9.999999046325683594e+00,-2.996505145347327925e-06,1.500000000000000000e+00,1.455191522836685181e-11,-9.545272319488056212e+01,-9.545272361794536664e+01
3.520000000000000000e+02,1.000000000000000000e+01,-1.427582674295990728e-06,1.500000000000000000e+00,1.455191522836685181e-11,-9.545272361794536664e+01,-9.545272361794536664e+01
3.530000000000000000e+02,1.000000095367431641e+01,-1.317379272336438589e-08,1.500000000000000000e+00,0.000000000000000000e+00,-9.545272361794536664e+01,-9.545272361794536664e+01
3.540000000000000000e+02,1.000000190734863281e+01,1.261933789464819711e-06,1.500000000000000000e+00,0.000000000000000000e+00,-9.545272361794536664e+01,-9.545272361794536664e+01
3.550000000000000000e+02,1.000000286102294922e+01,2.411454715911531821e-06,1.500000000000000000e+00,0.000000000000000000e+00,-9.545272361794536664e+01,-9.545272361794536664e+01
3.560000000000000000e+02,1.000000381469726562e+01,3.447753897489747033e-06,1.500000000000000000e+00,0.000000000000000000e+00,-9.545272319488056212e+01,-9.545272361794536664e+01
3.570000000000000000e+02,1.000000476837158203e+01,4.381980033940635622e-06,1.500000000000000000e+00,0.000000000000000000e+00,-9.545272361794536664e+01,-9.545272361794536664e+01
3.580000000000000000e+02,1.000000572204589844e+01,5.224183041718788445e-06,1.500000000000000000e+00,0.000000000000000000e+00,-9.545272361794536664e+01,-9.545272361794536664e+01
3.590000000000000000e+02,1.000000572204589844e+01,5.972231065243249759e-06,1.500000000000000000e+00,4.365574568510055542e-11,-9.545272446407508937e+01,-9.545272361794536664e+01
3.600000000000000000e+02,1.000000572204589844e+01,6.617789040319621563e-06,1.500000000000000000e+00,2.910383045673370361e-11,-9.545272446407508937e+01,-9.545272361794536664e+01
3.610000000000000000e+02,1.000000572204589844e+01,7.170903245423687622e-06,1.500000000000000000e+00,2.910383045673370361e-11,-9.545272446407508937e+01,-9.545272361794536664e+01
3.620000000000000000e+02,1.000000572204589844e+01,7.640630428795702755e-06,1.500000000000000000e+00,2.910383045673370361e-11,-9.545272446407508937e+01,-9.545272361794536664e+01
3.630000000000000000e+02,1.000000572204589844e+01,8.035137398110236973e-06,1.500000000000000000e+00,2.910383045673370361e-11,-9.545272446407508937e+01,-9.545272361794536664e+01
3.640000000000000000e+02,1.000000572204589844e+01,8.361785148736089468e-06,1.500000000000000000e+00,2.910383045673370361e-11,-9.545272446407508937e+01,-9.545272361794536664e+01
3.650000000000000000e+02,1.000000572204589844e+01,8.627211173006799072e-06,1.500000000000000000e+00,2.910383045673370361e-11,-9.545272446407508937e+01,-9.545272361794536664e+01
3.660000000000000000e+02,1.000000572204589844e+01,8.795200301392469555e-06,1.500000000000000000e+00,7.275957614183425903e-11,-9.545272446407508937e+01,-9.545272361794536664e+01
3.670000000000000000e+02,1.000000572204589844e+01,8.875236744643189013e-06,1.500000000000000000e+00,7.275957614183425903e-11,-9.545272446407508937e+01,-9.545272361794536664e+01
3.680000000000000000e+02,1.000000572204589844e+01,8.875869752955622971e-06,1.500000000000000000e+00,7.275957614183425903e-11,-9.545272446407508937e+01,-9.545272361794536664e+01
3.690000000000000000e+02,1.000000572204589844e+01,8.804807293927296996e-06,1.500000000000000000e+00,7.275957614183425903e-11,-9.545272446407508937e+01,-9.545272361794536664e+01
3.700000000000000000e+02,1.000000572204589844e+01,8.668998816574458033e-06,1.500000000000000000e+00,7.275957614183425903e-11,-9.545272446407508937e+01,-9.545272361794536664e+01
3.710000000000000000e+02,1.000000572204589844e+01,8.474708920402918011e-06,1.500000000000000000e+00,7.275957614183425903e-11,-9.545272446407508937e+01,-9.545272361794536664e+01
3.720000000000000000e+02,1.000000572204589844e+01,8.270195394288748503e-06,1.500000000000000000e+00,2.910383045673370361e-11,-9.545272446407508937e+01,-9.545272361794536664e+01
3.730000000000000000e+02,1.000000572204589844e+01,8.056418664637021720e-06,1.500000000000000000e+00,2.910383045673370361e-11,-9.545272446407508937e+01,-9.545272361794536664e+01
3.740000000000000000e+02,1.000000572204589844e+01,7.834246389393229038e-06,1.500000000000000000e+00,2.910383045673370361e-11,-9.545272446407508937e+01,-9.545272361794536664e+01
3.750000000000000000e+02,1.000000572204589844e+01,7.604458460264140740e-06,1.500000000000000000e+00,2.910383045673370361e-11,-9.545272446407508937e+01,-9.545272361794536664e+01
3.760000000000000000e+02,1.000000572204589844e+01,7.367759280896279961e-06,1.500000000000000000e+00,2.910383045673370361e-11,-9.545272446407508937e+01,-9.545272361794536664e+01
3.770000000000000000e+02,1.000000572204589844e+01,7.124783678591484204e-06,1.500000000000000000e+00,2.910383045673370361e-11,-9.545272446407508937e+01,-9.545272361794536664e+01
3.780000000000000000e+02,1.000000572204589844e+01,6.876103725517168641e-06,1.500000000000000000e+00,2.910383045673370361e-11,-9.545272446407508937e+01,-9.545272361794536664e+01
3.790000000000000000e+02,1.000000572204589844e+01,6.622235559916589409e-06,1.500000000000000000e+00,2.910383045673370361e-11,-9.545272446407508937e+01,-9.545272361794536664e+01
3.800000000000000000e+02,1.000000572204589844e+01,6.363644388329703361e-06,1.500000000000000000e+00,2.910383045673370361e-11,-9.545272446407508937e+01,-9.545272361794536664e+01
3.810000000000000000e+02,1.000000572204589844e+01,6.100749487814027816e-06,1.500000000000000000e+00,2.910383045673370361e-11,-9.545272446407508937e+01,-9.545272361794536664e+01
3.820000000000000000e+02,1.000000572204589844e+01,5.833928753418149427e-06,1.500000000000000000e+00,2.910383045673370361e-11,-9.545272446407508937e+01,-9.545272361794536664e+01
3.830000000000000000e+02,1.000000572204589844e+01,5.563523245655233040e-06,1.500000000000000000e+00,2.910383045673370361e-11,-9.545272446407508937e+01,-9.545272361794536664e+01
3.840000000000000000e+02,1.000000572204589844e+01,5.289839918987127021e-06,1.500000000000000000e+00,2.910383045673370361e-11,-9.545272446407508937e+01,-9.545272361794536664e+01
3.850000000000000000e+02,1.000000572204589844e+01,5.013156169297872111e-06,1.500000000000000000e+00,2.910383045673370361e-11,-9.545272446407508937e+01,-9.545272361794536664e+01
3.860000000000000000e+02,1.000000572204589844e+01,4.752060249302303419e-06,1.500000000000000000e+00,4.365574568510055542e-11,-9.545272446407508937e+01,-9.545272361794536664e+01
3.870000000000000000e+02,1.000000572204589844e+01,4.548632659862050787e-06,1.500000000000000000e+00,2.910383045673370361e-11,-9.545272446407508937e+01,-9.545272361794536664e+01
3.880000000000000000e+02,1.000000572204589844e+01,4.397238171804929152e-06,1.500000000000000000e+00,2.910383045673370361e-11,-9.545272446407508937e+01,-9.545272361794536664e+01
3.890000000000000000e+02,1.000000572204589844e+01,4.292796347726834938e-06,1.500000000000000000e+00,2.910383045673370361e-11,-9.545272446407508937e+01,-9.545272361794536664e+01
3.900000000000000000e+02,1.000000572204589844e+01,4.230727427056990564e-06,1.500000000000000000e+00,2.910383045673370361e-11,-9.545272446407508937e+01,-9.545272361794536664e+01
3.910000000000000000e+02,1.000000572204589844e+01,4.206903213344048709e-06,1.500000000000000000e+00,2.910383045673370361e-11,-9.545272446407508937e+01,-9.545272361794536664e+01
3.920000000000000000e+02,1.000000572204589844e+01,4.217602509015705436e-06,1.500000000000000000e+00,2.910383045673370361e-11,-9.545272446407508937e+01,-9.545272361794536664e+01
3.930000000000000000e+02,1.000000572204589844e+01,4.259470188117120415e-06,1.500000000000000000e+00,2.910383045673370361e-11,-9.545272446407508937e+01,-9.545272361794536664e+01
3.940000000000000000e+02,1.000000572204589844e+01,4.329482180764898658e-06,1.500000000000000000e+00,2.910383045673370361e-11,-9.545272446407508937e+01,-9.545272361794536664e+01
3.950000000000000000e+02,1.000000572204589844e+01,4.424912276590475813e-06,1.500000000000000000e+00,2.910383045673370361e-11,-9.545272446407508937e+01,-9.545272361794536664e+01
3.960000000000000000e+02,1.000000572204589844e+01,4.543303020909661427e-06,1.500000000000000000e+00,2.910383045673370361e-11,-9.545272446407508937e+01,-9.545272361794536664e+01
3.970000000000000000e+02,1.000000572204589844e+01,4.682439339376287535e-06,1.500000000000000000e+00,2.910383045673370361e-11,-9.545272446407508937e+01,-9.545272361794536664e+01
3.980000000000000000e+02,1.000000572204589844e+01,4.840324436372611672e-06,1.500000000000000000e+00,2.910383045673370361e-11,-9.545272446407508937e+01,-9.545272361794536664e+01
3.990000000000000000e+02,1.000000572204589844e+01,4.970710051566129550e-06,1.500000000000000000e+00,4.365574568510055542e-11,-9.545272446407508937e+01,-9.545272361794536664e+01
4.000000000000000000e+02,1.000000572204589844e+01,5.076290108263492584e-06,1.500000000000000000e+00,4.365574568510055542e-11,-9.545272446407508937e+01,-9.545272361794536664e+01
