step,estimated_conductivity_s_per_m,loss_nae
0.000000000000000000e+00,6.692850589752197266e-02,1.445138826966285706e-02
1.000000000000000000e+00,6.894984096288681030e-02,1.444422267377376556e-02
2.000000000000000000e+00,7.103542983531951904e-02,1.443597860634326935e-02
3.000000000000000000e+00,7.318881154060363770e-02,1.442673336714506149e-02
4.000000000000000000e+00,7.541425526142120361e-02,1.441633142530918121e-02
5.000000000000000000e+00,7.771639525890350342e-02,1.440485194325447083e-02
6.000000000000000000e+00,8.010011911392211914e-02,1.439198479056358337e-02
7.000000000000000000e+00,8.257055282592773438e-02,1.437788456678390503e-02
8.000000000000000000e+00,8.513312041759490967e-02,1.436239853501319885e-02
9.000000000000000000e+00,8.779346942901611328e-02,1.434537116438150406e-02
1.000000000000000000e+01,9.055748581886291504e-02,1.432672515511512756e-02
1.100000000000000000e+01,9.343135356903076172e-02,1.430638507008552551e-02
1.200000000000000000e+01,9.642155468463897705e-02,1.428427267819643021e-02
1.300000000000000000e+01,9.953480958938598633e-02,1.426015701144933701e-02
1.400000000000000000e+01,1.027782931923866272e-01,1.423396077007055283e-02
1.500000000000000000e+01,1.061594188213348389e-01,1.420545298606157303e-02
1.600000000000000000e+01,1.096861064434051514e-01,1.417463365942239761e-02
1.700000000000000000e+01,1.133665740489959717e-01,1.414111815392971039e-02
1.800000000000000000e+01,1.172095611691474915e-01,1.410482916980981827e-02
1.900000000000000000e+01,1.212242990732192993e-01,1.406553480774164200e-02
2.000000000000000000e+01,1.254205107688903809e-01,1.402300503104925156e-02
2.100000000000000000e+01,1.298083961009979248e-01,1.397685334086418152e-02
2.200000000000000000e+01,1.343989521265029907e-01,1.392684970051050186e-02
2.300000000000000000e+01,1.392035931348800659e-01,1.387276221066713333e-02
2.400000000000000000e+01,1.442346572875976562e-01,1.381405256688594818e-02
2.500000000000000000e+01,1.495049297809600830e-01,1.375048793852329254e-02
2.600000000000000000e+01,1.550281643867492676e-01,1.368153095245361328e-02
2.700000000000000000e+01,1.608189940452575684e-01,1.360671781003475189e-02
2.800000000000000000e+01,1.668929159641265869e-01,1.352543290704488754e-02
2.900000000000000000e+01,1.732661426067352295e-01,1.343721337616443634e-02
3.000000000000000000e+01,1.799561679363250732e-01,1.334128994494676590e-02
3.100000000000000000e+01,1.869813352823257446e-01,1.323696784675121307e-02
3.200000000000000000e+01,1.943613439798355103e-01,1.312347687780857086e-02
3.300000000000000000e+01,2.021168172359466553e-01,1.299981586635112762e-02
3.400000000000000000e+01,2.102697640657424927e-01,1.286506000906229019e-02
3.500000000000000000e+01,2.188436090946197510e-01,1.271805353462696075e-02
3.600000000000000000e+01,2.278628796339035034e-01,1.255756430327892303e-02
3.700000000000000000e+01,2.373538762331008911e-01,1.238228101283311844e-02
3.800000000000000000e+01,2.473442405462265015e-01,1.219074148684740067e-02
3.900000000000000000e+01,2.578633427619934082e-01,1.198124978691339493e-02
4.000000000000000000e+01,2.689421176910400391e-01,1.175187993794679642e-02
4.100000000000000000e+01,2.806133329868316650e-01,1.150070503354072571e-02
4.200000000000000000e+01,2.929117679595947266e-01,1.122556906193494797e-02
4.300000000000000000e+01,3.058740496635437012e-01,1.092385221272706985e-02
4.400000000000000000e+01,3.195387721061706543e-01,1.059293374419212341e-02
4.500000000000000000e+01,3.339467048645019531e-01,1.022980920970439911e-02
4.600000000000000000e+01,3.491410613059997559e-01,9.831165894865989685e-03
4.700000000000000000e+01,3.651669323444366455e-01,9.393537417054176331e-03
4.800000000000000000e+01,3.820724785327911377e-01,8.912915363907814026e-03
4.900000000000000000e+01,3.999078571796417236e-01,8.384986780583858490e-03
5.000000000000000000e+01,4.187262058258056641e-01,7.805128581821918488e-03
5.100000000000000000e+01,4.385831952095031738e-01,7.168409414589405060e-03
5.200000000000000000e+01,4.595373868942260742e-01,6.469127722084522247e-03
5.300000000000000000e+01,4.816504120826721191e-01,5.701581947505474091e-03
5.400000000000000000e+01,5.049864053726196289e-01,4.859453998506069183e-03
5.500000000000000000e+01,5.296131372451782227e-01,3.936041612178087234e-03
5.600000000000000000e+01,5.556012988090515137e-01,2.924178494140505791e-03
5.700000000000000000e+01,5.830245614051818848e-01,1.816468546167016029e-03
5.800000000000000000e+01,6.119598150253295898e-01,6.051299860700964928e-04
5.900000000000000000e+01,6.424868702888488770e-01,7.179272943176329136e-04
6.000000000000000000e+01,6.635291576385498047e-01,1.655516680330038071e-03
6.100000000000000000e+01,6.761322021484375000e-01,2.226668642833828926e-03
6.200000000000000000e+01,6.815412640571594238e-01,2.473913598805665970e-03
6.300000000000000000e+01,6.809968948364257812e-01,2.449027495458722115e-03
6.400000000000000000e+01,6.756397485733032227e-01,2.204247983172535896e-03
6.500000000000000000e+01,6.664735078811645508e-01,1.788346329703927040e-03
6.600000000000000000e+01,6.543608903884887695e-01,1.244546030648052692e-03
6.700000000000000000e+01,6.400321722030639648e-01,6.099069141782820225e-04
6.800000000000000000e+01,6.240984201431274414e-01,8.436686039203777909e-05
6.900000000000000000e+01,6.136778593063354492e-01,5.318579496815800667e-04
7.000000000000000000e+01,6.077411174774169922e-01,7.843421190045773983e-04
7.100000000000000000e+01,6.055570244789123535e-01,8.767989347688853741e-04
7.200000000000000000e+01,6.065963506698608398e-01,8.328049443662166595e-04
7.300000000000000000e+01,6.104730367660522461e-01,6.683858809992671013e-04
7.400000000000000000e+01,6.169044375419616699e-01,3.938660956919193268e-04
7.500000000000000000e+01,6.256867051124572754e-01,1.571766188135370612e-05
7.600000000000000000e+01,6.366754174232482910e-01,4.626694135367870331e-04
7.700000000000000000e+01,6.433857679367065430e-01,7.576067000627517700e-04
7.800000000000000000e+01,6.461857557296752930e-01,8.812677115201950073e-04
7.900000000000000000e+01,6.454982757568359375e-01,8.509110775776207447e-04
8.000000000000000000e+01,6.417704820632934570e-01,6.864149472676217556e-04
8.100000000000000000e+01,6.354504227638244629e-01,4.090444417670369148e-04
8.200000000000000000e+01,6.269685029983520508e-01,3.975643630838021636e-05
8.300000000000000000e+01,6.167278289794921875e-01,4.014167352579534054e-04
8.400000000000000000e+01,6.103600859642028809e-01,6.731628091074526310e-04
8.500000000000000000e+01,6.072866916656494141e-01,8.036039653234183788e-04
8.600000000000000000e+01,6.070731878280639648e-01,8.126185275614261627e-04
8.700000000000000000e+01,6.093928217887878418e-01,7.142290123738348484e-04
8.800000000000000000e+01,6.139994263648986816e-01,5.180664593353867531e-04
8.900000000000000000e+01,6.207100152969360352e-01,2.304486552020534873e-04
9.000000000000000000e+01,6.293914318084716797e-01,1.449260889785364270e-04
9.100000000000000000e+01,6.345434188842773438e-01,3.693650360219180584e-04
9.200000000000000000e+01,6.364569664001464844e-01,4.530384903773665428e-04
9.300000000000000000e+01,6.354602575302124023e-01,4.094296600669622421e-04
9.400000000000000000e+01,6.319003701210021973e-01,2.540251589380204678e-04
9.500000000000000000e+01,6.261271834373474121e-01,3.313036586405360140e-06
9.600000000000000000e+01,6.184817552566528320e-01,3.262185200583189726e-04
9.700000000000000000e+01,6.141459345817565918e-01,5.118256085552275181e-04
9.800000000000000000e+01,6.126759648323059082e-01,5.745421512983739376e-04
9.900000000000000000e+01,6.137337684631347656e-01,5.294694565236568451e-04
1.000000000000000000e+02,6.170619726181030273e-01,3.870859509333968163e-04
1.010000000000000000e+02,6.224659681320190430e-01,1.548651925986632705e-04
1.020000000000000000e+02,6.298014521598815918e-01,1.627240271773189306e-04
1.030000000000000000e+02,6.339209079742431641e-01,3.421673318371176720e-04
1.040000000000000000e+02,6.350951194763183594e-01,3.934808773919939995e-04
1.050000000000000000e+02,6.336239576339721680e-01,3.292233741376549006e-04
1.060000000000000000e+02,6.298204660415649414e-01,1.635715452721342444e-04
1.070000000000000000e+02,6.239991188049316406e-01,8.868151053320616484e-05
1.080000000000000000e+02,6.211910247802734375e-01,2.097999677062034607e-04
1.090000000000000000e+02,6.210234165191650391e-01,2.169653598684817553e-04
1.100000000000000000e+02,6.232106089591979980e-01,1.227364409714937210e-04
1.110000000000000000e+02,6.275348663330078125e-01,6.433454836951568723e-05
1.120000000000000000e+02,6.290469169616699219e-01,1.299018476856872439e-04
1.130000000000000000e+02,6.280206441879272461e-01,8.536847599316388369e-05
1.140000000000000000e+02,6.247437596321105957e-01,5.655276254401542246e-05
1.150000000000000000e+02,6.241378784179687500e-01,8.267181692644953728e-05
1.160000000000000000e+02,6.259090900421142578e-01,6.086741450417321175e-06
1.170000000000000000e+02,6.298325061798095703e-01,1.640338305151090026e-04
1.180000000000000000e+02,6.310123205184936523e-01,2.153473760699853301e-04
1.190000000000000000e+02,6.297188997268676758e-01,1.591027976246550679e-04
1.200000000000000000e+02,6.262352466583251953e-01,8.012925718503538519e-06
1.210000000000000000e+02,6.208460927009582520e-01,2.245930518256500363e-04
1.220000000000000000e+02,6.182707548141479492e-01,3.353101201355457306e-04
1.230000000000000000e+02,6.181709170341491699e-01,3.395477251615375280e-04
1.240000000000000000e+02,6.202849745750427246e-01,2.487859164830297232e-04
1.250000000000000000e+02,6.244125366210937500e-01,7.080652721924707294e-05
1.260000000000000000e+02,6.304016113281250000e-01,1.888430851977318525e-04
1.270000000000000000e+02,6.335121989250183105e-01,3.243693790864199400e-04
1.280000000000000000e+02,6.339926719665527344e-01,3.453262615948915482e-04
1.290000000000000000e+02,6.321111917495727539e-01,2.631937968544661999e-04
1.300000000000000000e+02,6.281450986862182617e-01,9.076179412659257650e-05
1.310000000000000000e+02,6.223711967468261719e-01,1.589487073943018913e-04
1.320000000000000000e+02,6.194067597389221191e-01,2.865391434170305729e-04
1.330000000000000000e+02,6.189104318618774414e-01,3.078042063862085342e-04
1.340000000000000000e+02,6.206179261207580566e-01,2.344551176065579057e-04
1.350000000000000000e+02,6.243252754211425781e-01,7.458184700226411223e-05
1.360000000000000000e+02,6.298767328262329102e-01,1.659600093262270093e-04
1.370000000000000000e+02,6.326525807380676270e-01,2.868473238777369261e-04
1.380000000000000000e+02,6.328948736190795898e-01,2.974028175231069326e-04
1.390000000000000000e+02,6.308636665344238281e-01,2.088753972202539444e-04
1.400000000000000000e+02,6.268260478973388672e-01,3.359264883329160511e-05
1.410000000000000000e+02,6.210479736328125000e-01,2.159637515433132648e-04
1.420000000000000000e+02,6.180188655853271484e-01,3.460967564024031162e-04
1.430000000000000000e+02,6.174057722091674805e-01,3.723698901012539864e-04
1.440000000000000000e+02,6.189499497413635254e-01,3.061091701965779066e-04
1.450000000000000000e+02,6.224509477615356445e-01,1.554815680719912052e-04
1.460000000000000000e+02,6.277551651000976562e-01,7.388841913780197501e-05
1.470000000000000000e+02,6.303714513778686523e-01,1.874562294688075781e-04
1.480000000000000000e+02,6.305345296859741211e-01,1.946216361830011010e-04
1.490000000000000000e+02,6.284952759742736816e-01,1.059401183738373220e-04
1.500000000000000000e+02,6.245110034942626953e-01,6.656892219325527549e-05
1.510000000000000000e+02,6.230715513229370117e-01,1.287461345782503486e-04
1.520000000000000000e+02,6.238922476768493652e-01,9.330435568699613214e-05
1.530000000000000000e+02,6.267520785331726074e-01,3.035665940842591226e-05
1.540000000000000000e+02,6.271899938583374023e-01,4.938735946780070662e-05
1.550000000000000000e+02,6.254481077194213867e-01,2.604200744826812297e-05
1.560000000000000000e+02,6.260042786598205566e-01,2.003231429625884630e-06
1.570000000000000000e+02,6.286300420761108398e-01,1.117957217502407730e-04
1.580000000000000000e+02,6.288540363311767578e-01,1.215807351400144398e-04
1.590000000000000000e+02,6.269193291664123535e-01,3.759911123779602349e-05
1.600000000000000000e+02,6.230759620666503906e-01,1.285149919567629695e-04
1.610000000000000000e+02,6.217153668403625488e-01,1.872250868473201990e-04
1.620000000000000000e+02,6.225622892379760742e-01,1.507046399638056755e-04
1.630000000000000000e+02,6.254024505615234375e-01,2.804523865052033216e-05
1.640000000000000000e+02,6.300708651542663574e-01,1.744352193782106042e-04
1.650000000000000000e+02,6.321527957916259766e-01,2.650429087225347757e-04
1.660000000000000000e+02,6.318806409835815430e-01,2.531776262912899256e-04
1.670000000000000000e+02,6.294997930526733398e-01,1.496259792475029826e-04
1.680000000000000000e+02,6.252604126930236816e-01,3.420902794459834695e-05
1.690000000000000000e+02,6.235418319702148438e-01,1.084056348190642893e-04
1.700000000000000000e+02,6.240599751472473145e-01,8.606190385762602091e-05
1.710000000000000000e+02,6.265929937362670898e-01,2.349944406887516379e-05
1.720000000000000000e+02,6.267928481101989746e-01,3.212874798919074237e-05
1.730000000000000000e+02,6.248946189880371094e-01,5.000373857910744846e-05
1.740000000000000000e+02,6.252526640892028809e-01,3.451721568126231432e-05
1.750000000000000000e+02,6.276416182518005371e-01,6.895738624734804034e-05
1.760000000000000000e+02,6.277123093605041504e-01,7.203928544186055660e-05
1.770000000000000000e+02,6.257005929946899414e-01,1.517832970421295613e-05
1.780000000000000000e+02,6.259539723396301270e-01,4.160557637078454718e-06
1.790000000000000000e+02,6.282445192337036133e-01,9.507644426776096225e-05
1.800000000000000000e+02,6.282312273979187012e-01,9.453711390960961580e-05
1.810000000000000000e+02,6.261492371559143066e-01,4.237605025991797447e-06
1.820000000000000000e+02,6.222383975982666016e-01,1.646502059884369373e-04
1.830000000000000000e+02,6.207526922225952148e-01,2.285995142301544547e-04
1.840000000000000000e+02,6.214231252670288086e-01,1.997838116949424148e-04
1.850000000000000000e+02,6.240394115447998047e-01,8.698646706761792302e-05
1.860000000000000000e+02,6.284385919570922852e-01,1.035516543197445571e-04
1.870000000000000000e+02,6.303468942642211914e-01,1.864546065917238593e-04
1.880000000000000000e+02,6.299885511398315430e-01,1.708140043774619699e-04
1.890000000000000000e+02,6.275994777679443359e-01,6.710825255140662193e-05
1.900000000000000000e+02,6.234195232391357422e-01,1.137219005613587797e-04
1.910000000000000000e+02,6.216871142387390137e-01,1.883807999547570944e-04
1.920000000000000000e+02,6.221278309822082520e-01,1.694271486485376954e-04
1.930000000000000000e+02,6.245265603065490723e-01,6.587549432879313827e-05
1.940000000000000000e+02,6.287165880203247070e-01,1.155710415332578123e-04
1.950000000000000000e+02,6.304488182067871094e-01,1.908463163999840617e-04
1.960000000000000000e+02,6.299471259117126465e-01,1.690419157966971397e-04
1.970000000000000000e+02,6.274455189704895020e-01,6.040513108018785715e-05
1.980000000000000000e+02,6.231813430786132812e-01,1.239692064700648189e-04
1.990000000000000000e+02,6.213570833206176758e-01,2.026345609920099378e-04
2.000000000000000000e+02,6.216979622840881348e-01,1.879185147117823362e-04
