0.200000 0.200000
0.025000 0.000000
0.000000 0.028571
0.500000 0.600000

0.200000 0.200000
0.320000 0.000000
0.590000 0.450000
0.500000 0.600000

0.200000 0.200000
0.300000 0.000000
0.550000 0.500000
0.500000 0.600000

0.200000 0.200000
0.285714 -0.000000
0.521429 0.550000
0.500000 0.600000

0.200000 0.200000
0.250000 0.000000
0.450000 0.800000
0.500000 0.600000

0.200000 0.200000
1.000000 -0.292308
1.475000 0.000000
0.500000 0.600000

0.200000 0.200000
1.000000 0.938461
0.933333 1.000000
0.500000 0.600000

0.200000 0.200000
1.000000 0.261538
-1.450002 0.450000
0.500000 0.600000

0.200000 0.200000
1.000000 0.466667
0.550000 0.616667
0.500000 0.600000

0.200000 0.200000
1.000000 0.384615
0.283333 0.550000
0.500000 0.600000

0.200000 0.200000
1.000000 0.428571
0.450000 0.585714
0.500000 0.600000

0.200000 0.200000
0.300000 1.000000
0.425000 0.000000
0.500000 0.600000

0.200000 0.200000
1.066667 1.000000
1.000000 1.061538
0.500000 0.600000

0.200000 0.200000
-0.266667 1.000000
0.000000 1.457143
0.500000 0.600000

0.200000 0.200000
0.360000 1.000000
0.470000 0.450000
0.500000 0.600000

0.200000 0.200000
0.466667 1.000000
0.550000 0.750000
0.500000 0.600000

0.200000 0.200000
0.333333 1.000000
0.450000 0.300000
0.500000 0.600000

0.200000 0.200000
0.000000 -0.028571
-0.025000 0.000000
0.500000 0.600000

0.200000 0.200000
0.000000 0.228571
1.550001 0.450000
0.500000 0.600000

0.200000 0.200000
-0.000000 0.300000
0.550000 0.575000
0.500000 0.600000

0.200000 0.200000
0.000000 0.285714
0.616667 0.550000
0.500000 0.600000

0.200000 0.200000
0.000000 0.333333
0.450000 0.633333
0.500000 0.600000

0.200000 0.200000
0.257692 0.450000
0.361538 0.000000
0.500000 0.600000

0.200000 0.200000
3.450002 0.450000
1.000000 0.638462
0.500000 0.600000

0.200000 0.200000
0.092857 0.450000
0.328571 1.000000
0.500000 0.600000

0.200000 0.200000
-1.550003 0.450000
0.000000 0.671429
0.500000 0.600000

0.200000 0.200000
1.200001 0.450000
0.550000 0.612500
0.500000 0.600000

0.200000 0.200000
0.575000 0.450000
0.425000 0.550000
0.500000 0.600000

0.200000 0.200000
0.700000 0.450000
0.450000 0.575000
0.500000 0.600000

0.200000 0.200000
0.550000 -0.500000
0.800000 0.000000
0.500000 0.600000

0.200000 0.200000
0.550000 -0.033333
1.000000 0.266667
0.500000 0.600000

0.200000 0.200000
0.550000 1.250000
0.633333 1.000000
0.500000 0.600000

0.200000 0.200000
0.550000 0.300000
0.000000 0.457143
0.500000 0.600000

0.200000 0.200000
0.550000 0.287500
-0.100001 0.450000
0.500000 0.600000

0.200000 0.200000
0.550000 0.462500
0.433333 0.550000
0.500000 0.600000

0.200000 0.200000
0.550000 0.480000
0.450000 0.560000
0.500000 0.600000

0.200000 0.200000
0.270000 0.550000
0.380000 0.000000
0.500000 0.600000

0.200000 0.200000
1.716667 0.550000
1.000000 0.715385
0.500000 0.600000

0.200000 0.200000
-0.010000 0.550000
0.260000 1.000000
0.500000 0.600000

0.200000 0.200000
-0.616666 0.550000
0.000000 0.814286
0.500000 0.600000

0.200000 0.200000
0.375000 0.550000
0.425000 0.450000
0.500000 0.600000

0.200000 0.200000
0.666667 0.550000
0.550000 0.637500
0.500000 0.600000

0.200000 0.200000
0.433333 0.550000
0.450000 0.525000
0.500000 0.600000

0.200000 0.200000
0.450000 -0.800001
0.650000 0.000000
0.500000 0.600000

0.200000 0.200000
0.450000 0.075000
1.000000 0.350000
0.500000 0.600000

0.200000 0.200000
0.450000 1.700001
0.566667 1.000000
0.500000 0.600000

0.200000 0.200000
0.450000 0.283333
0.000000 0.433333
0.500000 0.600000

0.200000 0.200000
0.450000 0.325000
0.200000 0.450000
0.500000 0.600000

0.200000 0.200000
0.450000 1.200001
0.550000 0.800000
0.500000 0.600000

0.200000 0.200000
0.450000 0.575000
0.466667 0.550000
0.500000 0.600000
