0.200000 0.200000
-0.450000 0.000000
1.000000 -0.446154
2.450000 0.000000
0.500000 0.600000

0.200000 0.200000
0.720000 0.000000
1.000000 0.107692
0.110000 0.450000
0.500000 0.600000

0.200000 0.200000
0.500000 0.000000
1.000000 0.333333
0.550000 0.633333
0.500000 0.600000

0.200000 0.200000
0.571429 -0.000000
1.000000 0.230769
0.407143 0.550000
0.500000 0.600000

0.200000 0.200000
0.550000 0.000000
1.000000 0.257143
0.450000 0.571429
0.500000 0.600000

0.200000 0.200000
0.221429 0.000000
0.328571 1.000000
0.435714 0.000000
0.500000 0.600000

0.200000 0.200000
0.362500 0.000000
1.175000 1.000000
1.000000 1.215385
0.500000 0.600000

0.200000 0.200000
0.112500 0.000000
-0.325000 1.000000
0.000000 1.742857
0.500000 0.600000

0.200000 0.200000
0.231579 0.000000
0.389474 1.000000
0.476316 0.450000
0.500000 0.600000

0.200000 0.200000
0.250000 0.000000
0.500000 1.000000
0.550000 0.800000
0.500000 0.600000

0.200000 0.200000
0.225000 0.000000
0.350000 1.000000
0.450000 0.200000
0.500000 0.600000

0.200000 0.200000
0.550000 -0.000000
0.000000 -0.314286
-0.550000 0.000000
0.500000 0.600000

0.200000 0.200000
-0.225000 -0.000000
0.000000 -0.105882
1.000000 0.364706
0.500000 0.600000

0.200000 0.200000
-0.080000 0.000000
0.000000 -0.057143
0.710000 0.450000
0.500000 0.600000

0.200000 0.200000
-0.000000 0.000000
-0.000000 -0.000000
0.550000 0.550000
0.500000 0.600000

0.200000 0.200000
-0.000000 0.000000
-0.000000 -0.000000
0.550000 0.550000
0.500000 0.600000

0.200000 0.200000
0.050000 0.000000
0.000000 0.066667
0.450000 0.666667
0.500000 0.600000

0.200000 0.200000
0.235294 0.000000
0.314706 0.450000
0.394118 -0.000000
0.500000 0.600000

0.200000 0.200000
0.720000 0.000000
1.890000 0.450000
1.000000 0.792308
0.500000 0.600000

0.200000 0.200000
0.000000 0.000000
-0.449999 0.450000
0.100000 1.000000
0.500000 0.600000

0.200000 0.200000
-0.080000 0.000000
-0.710000 0.450000
0.000000 0.957143
0.500000 0.600000

0.200000 0.200000
0.360000 0.000000
0.720000 0.450000
0.550000 0.662500
0.500000 0.600000

0.200000 0.200000
0.300000 0.000000
0.525000 0.450000
0.475000 0.550000
0.500000 0.600000

0.200000 0.200000
0.280000 0.000000
0.460000 0.450000
0.450000 0.475000
0.500000 0.600000

0.200000 0.200000
-0.000000 0.000000
0.550000 -0.550000
1.100000 0.000000
0.500000 0.600000

0.200000 0.200000
0.050000 0.000000
0.550000 -0.666667
1.000000 -0.066666
0.500000 0.600000

0.200000 0.200000
0.250000 0.000000
0.550000 1.200000
0.600000 1.000000
0.500000 0.600000

0.200000 0.200000
0.550000 0.000000
0.550000 0.000000
0.000000 0.314286
0.500000 0.600000

0.200000 0.200000
0.360000 0.000000
0.550000 0.237500
0.380000 0.450000
0.500000 0.600000

0.200000 0.200000
0.314286 0.000000
0.550000 0.412500
0.471429 0.550000
0.500000 0.600000

0.200000 0.200000
0.325000 0.000000
0.550000 0.360000
0.450000 0.520000
0.500000 0.600000

0.200000 0.200000
0.231579 -0.000000
0.318421 0.550000
0.405263 0.000000
0.500000 0.600000

0.200000 0.200000
0.571429 0.000000
1.592857 0.550000
1.000000 0.869231
0.500000 0.600000

0.200000 0.200000
-0.399998 -0.000000
-2.049993 0.550000
-0.699997 1.000000
0.500000 0.600000

0.200000 0.200000
0.000000 0.000000
-0.550000 0.550000
0.000000 1.100000
0.500000 0.600000

0.200000 0.200000
0.260000 -0.000000
0.425000 0.550000
0.455000 0.450000
0.500000 0.600000

0.200000 0.200000
0.314286 -0.000000
0.628571 0.550000
0.550000 0.687500
0.500000 0.600000

0.200000 0.200000
0.257143 -0.000000
0.414286 0.550000
0.450000 0.425000
0.500000 0.600000

0.200000 0.200000
0.100000 0.000000
0.450000 -0.700000
0.800000 0.000000
0.500000 0.600000

0.200000 0.200000
-0.000000 0.000000
0.450000 -0.450000
1.000000 0.100000
0.500000 0.600000

0.200000 0.200000
0.225000 0.000000
0.450000 1.800000
0.550000 1.000000
0.500000 0.600000

0.200000 0.200000
0.500000 0.000000
0.450000 -0.033333
0.000000 0.266667
0.500000 0.600000

0.200000 0.200000
0.280000 -0.000000
0.450000 0.425000
0.440000 0.450000
0.500000 0.600000

0.200000 0.200000
0.225000 0.000000
0.450000 1.800002
0.550000 1.000001
0.500000 0.600000

0.200000 0.200000
0.257143 0.000000
0.450000 0.675000
0.485714 0.550000
0.500000 0.600000

0.200000 0.200000
1.000000 -1.933336
1.725000 0.000000
1.000000 1.933333
0.500000 0.600000

0.200000 0.200000
1.000000 -0.784615
1.637500 0.000000
0.825000 1.000000
0.500000 0.600000

0.200000 0.200000
1.000000 -0.078261
1.225000 0.000000
0.000000 0.426087
0.500000 0.600000

0.200000 0.200000
1.000000 -0.107692
1.280000 0.000000
0.110000 0.450000
0.500000 0.600000

0.200000 0.200000
1.000000 -0.333333
1.500000 0.000000
0.550000 0.633333
0.500000 0.600000

0.200000 0.200000
1.000000 -0.230770
1.428572 -0.000000
0.407143 0.550000
0.500000 0.600000

0.200000 0.200000
1.000000 -0.257143
1.450000 0.000000
0.450000 0.571429
0.500000 0.600000

0.200000 0.200000
1.000000 1.676923
1.366667 1.000000
0.825000 0.000000
0.500000 0.600000

0.200000 0.200000
1.000000 3.399997
1.600000 1.000000
1.000000 -1.400000
0.500000 0.600000

0.200000 0.200000
1.000000 1.123077
1.106667 1.000000
0.630000 0.450000
0.500000 0.600000

0.200000 0.200000
1.000000 1.000000
1.000000 1.000000
0.550000 0.550000
0.500000 0.600000

0.200000 0.200000
1.000000 1.000000
1.000000 1.000000
0.550000 0.550000
0.500000 0.600000

0.200000 0.200000
1.000000 0.885714
0.866667 1.000000
0.450000 0.642857
0.500000 0.600000

0.200000 0.200000
1.000000 -0.078261
-0.000000 -0.426087
-1.225000 0.000000
0.500000 0.600000

0.200000 0.200000
1.000000 0.296970
0.000000 0.418182
1.000000 0.539394
0.500000 0.600000

0.200000 0.200000
1.000000 0.617391
0.000000 1.139130
-0.266667 1.000000
0.500000 0.600000

0.200000 0.200000
1.000000 0.234783
0.000000 0.278261
3.950005 0.450000
0.500000 0.600000

0.200000 0.200000
1.000000 0.333333
0.000000 0.500000
0.550000 0.591667
0.500000 0.600000

0.200000 0.200000
1.000000 0.304348
0.000000 0.434783
0.883334 0.550000
0.500000 0.600000

0.200000 0.200000
1.000000 0.345455
0.000000 0.527273
0.450000 0.609091
0.500000 0.600000

0.200000 0.200000
1.000000 1.000000
1.550000 0.450000
1.100000 0.000000
0.500000 0.600000

0.200000 0.200000
1.000000 0.466666
1.049999 0.450000
1.000000 0.433334
0.500000 0.600000

0.200000 0.200000
1.000000 -0.230770
2.264286 0.450000
1.242857 1.000000
0.500000 0.600000

0.200000 0.200000
1.000000 0.234783
-3.950006 0.450000
0.000000 0.621739
0.500000 0.600000

0.200000 0.200000
1.000000 0.266667
-1.200002 0.450000
0.550000 0.595833
0.500000 0.600000

0.200000 0.200000
1.000000 0.323077
0.175000 0.450000
0.825000 0.550000
0.500000 0.600000

0.200000 0.200000
1.000000 0.257143
-1.700003 0.450000
0.450000 0.603571
0.500000 0.600000

0.200000 0.200000
1.000000 -0.333333
0.550000 -0.633333
-0.400000 0.000000
0.500000 0.600000

0.200000 0.200000
1.000000 0.345455
0.550000 0.427273
1.000000 0.509091
0.500000 0.600000

0.200000 0.200000
1.000000 1.000000
0.550000 1.450000
0.100000 1.000000
0.500000 0.600000

0.200000 0.200000
1.000000 1.800004
0.550000 2.700006
0.000000 1.600003
0.500000 0.600000

0.200000 0.200000
1.000000 0.266667
0.550000 0.304167
2.300001 0.450000
0.500000 0.600000

0.200000 0.200000
1.000000 0.400000
0.550000 0.512500
0.700000 0.550000
0.500000 0.600000

0.200000 0.200000
1.000000 0.490909
0.550000 0.654546
0.450000 0.618182
0.500000 0.600000

0.200000 0.200000
1.000000 1.123077
1.496667 0.550000
1.020000 0.000000
0.500000 0.600000

0.200000 0.200000
1.000000 1.000000
1.450000 0.550000
1.000000 0.100000
0.500000 0.600000

0.200000 0.200000
1.000000 -0.107692
2.710000 0.550000
1.540000 1.000000
0.500000 0.600000

0.200000 0.200000
1.000000 0.304348
-0.883334 0.550000
0.000000 0.665217
0.500000 0.600000

0.200000 0.200000
1.000000 0.569231
1.041667 0.550000
0.825000 0.450000
0.500000 0.600000

0.200000 0.200000
1.000000 0.400000
0.400000 0.550000
0.550000 0.587500
0.500000 0.600000

0.200000 0.200000
1.000000 0.371429
0.166666 0.550000
0.450000 0.610714
0.500000 0.600000

0.200000 0.200000
1.000000 -0.257143
0.450000 -0.571429
-0.550000 0.000000
0.500000 0.600000

0.200000 0.200000
1.000000 0.333333
0.450000 0.425000
1.000000 0.516667
0.500000 0.600000

0.200000 0.200000
1.000000 0.885714
0.450000 1.357143
0.033333 1.000000
0.500000 0.600000

0.200000 0.200000
1.000000 1.000000
0.450000 1.550001
0.000000 1.100000
0.500000 0.600000

0.200000 0.200000
1.000000 0.257143
0.450000 0.296429
2.600002 0.450000
0.500000 0.600000

0.200000 0.200000
1.000000 0.413333
0.450000 0.560000
0.550000 0.586667
0.500000 0.600000

0.200000 0.200000
1.000000 0.371429
0.450000 0.489286
0.733333 0.550000
0.500000 0.600000

0.200000 0.200000
0.633333 1.000000
1.175000 0.000000
1.000000 -0.323077
0.500000 0.600000

0.200000 0.200000
-0.033333 1.000000
-0.325000 0.000000
0.000000 -1.114286
0.500000 0.600000

0.200000 0.200000
0.314286 1.000000
0.457143 0.000000
0.521429 0.450000
0.500000 0.600000

0.200000 0.200000
0.333333 1.000000
0.500000 0.000000
0.550000 0.300000
0.500000 0.600000

0.200000 0.200000
0.304348 1.000000
0.434783 0.000000
0.506522 0.550000
0.500000 0.600000

0.200000 0.200000
0.266667 1.000000
0.350000 0.000000
0.450000 1.200000
0.500000 0.600000

0.200000 0.200000
0.633333 1.000000
1.000000 0.323077
0.825000 0.000000
0.500000 0.600000

0.200000 0.200000
2.799999 1.000000
1.000000 1.553846
-0.800000 1.000000
0.500000 0.600000

0.200000 0.200000
1.733333 1.000000
1.000000 1.382609
0.000000 0.860870
0.500000 0.600000

0.200000 0.200000
0.893333 1.000000
1.000000 0.876923
0.630000 0.450000
0.500000 0.600000

0.200000 0.200000
1.000000 1.000000
1.000000 1.000000
0.550000 0.550000
0.500000 0.600000

0.200000 0.200000
1.000000 1.000000
1.000000 1.000000
0.550000 0.550000
0.500000 0.600000

0.200000 0.200000
1.133333 1.000000
1.000000 1.114286
0.450000 0.642857
0.500000 0.600000

0.200000 0.200000
-0.033333 1.000000
0.000000 1.114286
0.325000 0.000000
0.500000 0.600000

0.200000 0.200000
-0.933333 1.000000
0.000000 1.658823
1.000000 0.952941
0.500000 0.600000

0.200000 0.200000
-1.199999 1.000000
0.000000 1.685714
1.200000 1.000000
0.500000 0.600000

0.200000 0.200000
-0.173333 1.000000
0.000000 1.371429
0.430000 0.450000
0.500000 0.600000

0.200000 0.200000
-0.333334 1.000000
-0.000000 1.500000
0.550000 0.675000
0.500000 0.600000

0.200000 0.200000
-0.230769 1.000000
-0.000000 1.428571
0.473077 0.550000
0.500000 0.600000

0.200000 0.200000
-0.200000 1.000000
0.000000 1.400000
0.450000 0.500000
0.500000 0.600000

0.200000 0.200000
1.000001 1.000000
1.550001 0.450000
1.100001 0.000000
0.500000 0.600000

0.200000 0.200000
0.893333 1.000000
1.370000 0.450000
1.000000 0.023077
0.500000 0.600000

0.200000 0.200000
0.304348 1.000000
0.376087 0.450000
0.447826 1.000000
0.500000 0.600000

0.200000 0.200000
-0.173333 1.000000
-0.430000 0.450000
0.000000 -0.471428
0.500000 0.600000

0.200000 0.200000
0.413333 1.000000
0.560000 0.450000
0.550000 0.412500
0.500000 0.600000

0.200000 0.200000
0.371429 1.000000
0.489286 0.450000
0.510714 0.550000
0.500000 0.600000

0.200000 0.200000
0.306667 1.000000
0.380000 0.450000
0.450000 0.975000
0.500000 0.600000

0.200000 0.200000
0.333333 1.000000
0.550000 -0.300000
0.600000 0.000000
0.500000 0.600000

0.200000 0.200000
-0.200000 1.000000
0.550000 2.500000
1.000000 1.600000
0.500000 0.600000

0.200000 0.200000
1.000000 1.000000
0.550000 1.450000
0.100000 1.000000
0.500000 0.600000

0.200000 0.200000
1.133334 1.000000
0.550000 1.500000
0.000000 1.028571
0.500000 0.600000

0.200000 0.200000
0.413333 1.000000
0.550000 0.487500
0.540000 0.450000
0.500000 0.600000

0.200000 0.200000
0.446154 1.000000
0.550000 0.662500
0.515385 0.550000
0.500000 0.600000

0.200000 0.200000
0.533333 1.000000
0.550000 0.960000
0.450000 0.720000
0.500000 0.600000

0.200000 0.200000
2.600012 1.000000
3.950019 0.550000
2.300010 0.000000
0.500000 0.600000

0.200000 0.200000
1.000000 1.000000
1.450000 0.550000
1.000000 0.100000
0.500000 0.600000

0.200000 0.200000
0.314286 1.000000
0.378571 0.550000
0.442857 1.000000
0.500000 0.600000

0.200000 0.200000
-0.230769 1.000000
-0.473077 0.550000
0.000000 -0.328571
0.500000 0.600000

0.200000 0.200000
0.440000 1.000000
0.575000 0.550000
0.545000 0.450000
0.500000 0.600000

0.200000 0.200000
0.446154 1.000000
0.584615 0.550000
0.550000 0.437500
0.500000 0.600000

0.200000 0.200000
0.323077 1.000000
0.392308 0.550000
0.450000 0.925000
0.500000 0.600000

0.200000 0.200000
0.266667 1.000000
0.450000 -1.200000
0.550000 0.000000
0.500000 0.600000

0.200000 0.200000
-0.333334 1.000000
0.450000 2.175000
1.000000 1.350000
0.500000 0.600000

0.200000 0.200000
0.600000 1.000000
0.450000 1.300000
0.300000 1.000000
0.500000 0.600000

0.200000 0.200000
1.000000 1.000000
0.450000 1.550000
0.000000 1.100000
0.500000 0.600000

0.200000 0.200000
0.306667 1.000000
0.450000 -0.075000
0.520000 0.450000
0.500000 0.600000

0.200000 0.200000
0.266667 1.000000
0.450000 -1.200003
0.550000 -0.000001
0.500000 0.600000

0.200000 0.200000
0.323077 1.000000
0.450000 0.175000
0.507692 0.550000
0.500000 0.600000

0.200000 0.200000
0.000000 -0.257143
-0.112500 0.000000
0.325000 1.000000
0.500000 0.600000

0.200000 0.200000
0.000000 0.733333
-0.275000 0.000000
0.000000 -0.733333
0.500000 0.600000

0.200000 0.200000
0.000000 0.057143
0.080000 0.000000
0.710000 0.450000
0.500000 0.600000

0.200000 0.200000
0.000000 -0.000000
-0.000000 -0.000000
0.550000 0.550000
0.500000 0.600000

0.200000 0.200000
0.000000 -0.000000
-0.000000 -0.000000
0.550000 0.550000
0.500000 0.600000

0.200000 0.200000
0.000000 -0.066667
-0.050000 0.000000
0.450000 0.666667
0.500000 0.600000

0.200000 0.200000
0.000000 0.105882
1.000000 -0.364706
1.775000 0.000000
0.500000 0.600000

0.200000 0.200000
0.000000 0.341176
1.000000 1.047059
1.066667 1.000000
0.500000 0.600000

0.200000 0.200000
0.000000 0.229630
1.000000 0.377778
0.000000 0.525926
0.500000 0.600000

0.200000 0.200000
0.000000 0.211765
1.000000 0.270588
-2.050003 0.450000
0.500000 0.600000

0.200000 0.200000
0.000000 0.250000
1.000000 0.500000
0.550000 0.612500
0.500000 0.600000

0.200000 0.200000
0.000000 0.235294
1.000000 0.411765
0.216666 0.550000
0.500000 0.600000

0.200000 0.200000
0.000000 0.244444
1.000000 0.466667
0.450000 0.588889
0.500000 0.600000

0.200000 0.200000
0.000000 0.885714
0.033333 1.000000
0.325000 0.000000
0.500000 0.600000

0.200000 0.200000
0.000000 -0.600000
-0.400000 1.000000
0.000000 2.600000
0.500000 0.600000

0.200000 0.200000
0.000000 0.628571
0.173333 1.000000
0.430000 0.450000
0.500000 0.600000

0.200000 0.200000
0.000000 0.500000
0.333333 1.000000
0.550000 0.675000
0.500000 0.600000

0.200000 0.200000
-0.000000 0.600000
0.200000 1.000000
0.450000 0.500000
0.500000 0.600000

0.200000 0.200000
0.000000 0.571429
-0.065385 0.450000
0.176923 0.000000
0.500000 0.600000

0.200000 0.200000
0.000000 0.211765
4.050003 0.450000
1.000000 0.629412
0.500000 0.600000

0.200000 0.200000
0.000000 -0.000000
-0.450000 0.450000
0.100000 1.000000
0.500000 0.600000

0.200000 0.200000
0.000000 0.133333
-0.950001 0.450000
0.000000 0.766667
0.500000 0.600000

0.200000 0.200000
0.000000 0.225000
1.800002 0.450000
0.550000 0.606250
0.500000 0.600000

0.200000 0.200000
0.000000 0.257143
0.675000 0.450000
0.325000 0.550000
0.500000 0.600000

0.200000 0.200000
0.000000 0.233333
1.300001 0.450000
0.450000 0.591667
0.500000 0.600000

0.200000 0.200000
0.000000 0.000000
0.550000 -0.550000
1.100000 0.000000
0.500000 0.600000

0.200000 0.200000
-0.000000 -0.199999
0.550000 -1.299997
1.000000 -0.399999
0.500000 0.600000

0.200000 0.200000
-0.000000 0.500000
0.550000 1.325000
0.766667 1.000000
0.500000 0.600000

0.200000 0.200000
-0.000000 0.244444
0.550000 0.366667
0.000000 0.488889
0.500000 0.600000

0.200000 0.200000
0.000000 0.225000
0.550000 0.293750
-0.700001 0.450000
0.500000 0.600000

0.200000 0.200000
-0.000000 0.275000
0.550000 0.481250
0.366667 0.550000
0.500000 0.600000

0.200000 0.200000
-0.000000 0.288889
0.550000 0.533333
0.450000 0.577778
0.500000 0.600000

0.200000 0.200000
0.000000 0.628572
-0.036667 0.550000
0.220000 0.000000
0.500000 0.600000

0.200000 0.200000
0.000000 0.235294
1.783334 0.550000
1.000000 0.688235
0.500000 0.600000

0.200000 0.200000
0.000000 0.057143
-0.690000 0.550000
-0.060000 1.000000
0.500000 0.600000

0.200000 0.200000
0.000000 -0.000000
-0.550000 0.550000
0.000000 1.100000
0.500000 0.600000

0.200000 0.200000
0.000000 0.371429
0.208333 0.550000
0.325000 0.450000
0.500000 0.600000

0.200000 0.200000
0.000000 0.275000
0.733333 0.550000
0.550000 0.618750
0.500000 0.600000

0.200000 0.200000
-0.000000 0.300000
0.500000 0.550000
0.450000 0.575000
0.500000 0.600000

0.200000 0.200000
0.000000 -0.066667
0.450000 -0.666667
0.950000 0.000000
0.500000 0.600000

0.200000 0.200000
0.000000 0.000000
0.450000 -0.449999
1.000000 0.100000
0.500000 0.600000

0.200000 0.200000
0.000000 0.600000
0.450000 1.500000
0.700000 1.000000
0.500000 0.600000

0.200000 0.200000
0.000000 0.250000
0.450000 0.362500
0.000000 0.475000
0.500000 0.600000

0.200000 0.200000
0.000000 0.233333
0.450000 0.308333
-0.400001 0.450000
0.500000 0.600000

0.200000 0.200000
0.000000 0.360000
0.450000 0.720000
0.550000 0.640000
0.500000 0.600000

0.200000 0.200000
0.000000 0.300000
0.450000 0.525000
0.400000 0.550000
0.500000 0.600000

0.200000 0.200000
0.450000 0.450000
0.900000 0.000000
1.000000 0.100000
0.500000 0.600000

0.200000 0.200000
0.235714 0.450000
0.300000 0.000000
0.442857 1.000000
0.500000 0.600000

0.200000 0.200000
0.065385 0.450000
-0.176923 0.000000
0.000000 -0.328571
0.500000 0.600000

0.200000 0.200000
0.275000 0.450000
0.410000 0.000000
0.545000 0.450000
0.500000 0.600000

0.200000 0.200000
0.276923 0.450000
0.415385 -0.000000
0.550000 0.437500
0.500000 0.600000

0.200000 0.200000
0.262500 0.450000
0.375000 0.000000
0.512500 0.550000
0.500000 0.600000

0.200000 0.200000
0.238462 0.450000
0.307692 0.000000
0.450000 0.925000
0.500000 0.600000

0.200000 0.200000
0.450000 0.450000
1.000000 -0.100000
1.100000 0.000000
0.500000 0.600000

0.200000 0.200000
-0.264286 0.450000
1.000000 1.130769
1.242857 1.000000
0.500000 0.600000

0.200000 0.200000
5.950002 0.450000
1.000000 0.665217
0.000000 0.621739
0.500000 0.600000

0.200000 0.200000
1.012500 0.450000
1.000000 0.453846
0.987500 0.450000
0.500000 0.600000

0.200000 0.200000
3.200002 0.450000
1.000000 0.633333
0.550000 0.595833
0.500000 0.600000

0.200000 0.200000
1.825000 0.450000
1.000000 0.576923
0.825000 0.550000
0.500000 0.600000

0.200000 0.200000
3.700003 0.450000
1.000000 0.642857
0.450000 0.603571
0.500000 0.600000

0.200000 0.200000
0.160526 0.450000
0.247368 1.000000
0.405263 0.000000
0.500000 0.600000

0.200000 0.200000
-0.264286 0.450000
0.757143 1.000000
1.000000 0.869231
0.500000 0.600000

0.200000 0.200000
0.450000 0.450000
-0.100000 1.000000
0.000000 1.100000
0.500000 0.600000

0.200000 0.200000
0.125000 0.450000
0.290000 1.000000
0.455000 0.450000
0.500000 0.600000

0.200000 0.200000
0.057143 0.450000
0.371429 1.000000
0.550000 0.687500
0.500000 0.600000

0.200000 0.200000
0.106250 0.450000
0.312500 1.000000
0.481250 0.550000
0.500000 0.600000

0.200000 0.200000
0.128571 0.450000
0.285714 1.000000
0.450000 0.425000
0.500000 0.600000

0.200000 0.200000
0.065385 0.450000
0.000000 0.328571
0.176923 0.000000
0.500000 0.600000

0.200000 0.200000
-4.049999 0.450000
0.000000 0.688235
1.000000 0.629412
0.500000 0.600000

0.200000 0.200000
0.450000 0.450000
0.000000 0.900000
0.100000 1.000000
0.500000 0.600000

0.200000 0.200000
-0.237500 0.450000
0.000000 0.585714
0.237500 0.450000
0.500000 0.600000

0.200000 0.200000
-1.800002 0.450000
-0.000000 0.675000
0.550000 0.606250
0.500000 0.600000

0.200000 0.200000
-0.675000 0.450000
0.000000 0.642857
0.325000 0.550000
0.500000 0.600000

0.200000 0.200000
-1.300001 0.450000
0.000000 0.666667
0.450000 0.591667
0.500000 0.600000

0.200000 0.200000
0.276923 0.450000
0.550000 -0.437500
0.684615 0.000000
0.500000 0.600000

0.200000 0.200000
-1.300003 0.450000
0.550000 0.758333
1.000000 0.683333
0.500000 0.600000

0.200000 0.200000
0.057143 0.450000
0.550000 1.312500
0.728571 1.000000
0.500000 0.600000

0.200000 0.200000
3.700003 0.450000
0.550000 0.675000
0.000000 0.635714
0.500000 0.600000

0.200000 0.200000
0.450000 0.450000
0.550000 0.350000
0.650000 0.450000
0.500000 0.600000

0.200000 0.200000
0.700000 0.450000
0.550000 0.525000
0.600000 0.550000
0.500000 0.600000

0.200000 0.200000
1.450001 0.450000
0.550000 0.630000
0.450000 0.610000
0.500000 0.600000

0.200000 0.200000
0.125000 0.450000
0.155000 0.550000
0.320000 0.000000
0.500000 0.600000

0.200000 0.200000
1.825000 0.450000
1.175000 0.550000
1.000000 0.523077
0.500000 0.600000

0.200000 0.200000
0.275000 0.450000
0.245000 0.550000
0.380000 1.000000
0.500000 0.600000

0.200000 0.200000
-0.675000 0.450000
-0.325000 0.550000
0.000000 0.457143
0.500000 0.600000

0.200000 0.200000
-0.549998 0.450000
-0.249999 0.550000
0.050001 0.450000
0.500000 0.600000

0.200000 0.200000
0.700000 0.450000
0.500000 0.550000
0.550000 0.575000
0.500000 0.600000

0.200000 0.200000
0.450000 0.450000
0.350000 0.550000
0.450000 0.650000
0.500000 0.600000

0.200000 0.200000
0.238462 0.450000
0.450000 -0.925000
0.592308 0.000000
0.500000 0.600000

0.200000 0.200000
-1.800004 0.450000
0.450000 0.731250
1.000000 0.662500
0.500000 0.600000

0.200000 0.200000
0.128572 0.450000
0.450000 1.575000
0.614286 1.000000
0.500000 0.600000

0.200000 0.200000
3.200002 0.450000
0.450000 0.679167
0.000000 0.641667
0.500000 0.600000

0.200000 0.200000
0.325000 0.450000
0.450000 0.200000
0.575000 0.450000
0.500000 0.600000

0.200000 0.200000
0.450000 0.450000
0.450000 0.450000
0.550000 0.550000
0.500000 0.600000

0.200000 0.200000
0.450000 0.450000
0.450000 0.450000
0.550000 0.550000
0.500000 0.600000

0.200000 0.200000
0.550000 0.666667
1.050000 0.000000
1.000000 -0.066666
0.500000 0.600000

0.200000 0.200000
0.550000 -1.199999
0.850000 0.000000
0.600000 1.000000
0.500000 0.600000

0.200000 0.200000
0.550000 0.000000
0.550000 0.000000
0.000000 0.314286
0.500000 0.600000

0.200000 0.200000
0.550000 -0.237500
0.740000 0.000000
0.380000 0.450000
0.500000 0.600000

0.200000 0.200000
0.550000 -0.733333
0.825000 0.000000
0.550000 0.733333
0.500000 0.600000

0.200000 0.200000
0.550000 -0.412500
0.785714 -0.000000
0.471429 0.550000
0.500000 0.600000

0.200000 0.200000
0.550000 -0.360000
0.775000 0.000000
0.450000 0.520000
0.500000 0.600000

0.200000 0.200000
0.550000 0.666667
1.000000 0.066666
0.950000 0.000000
0.500000 0.600000

0.200000 0.200000
0.550000 -0.500000
1.000000 0.400000
0.700000 1.000000
0.500000 0.600000

0.200000 0.200000
0.550000 0.112500
1.000000 0.225000
0.000000 0.475000
0.500000 0.600000

0.200000 0.200000
0.550000 0.141667
1.000000 0.216667
-0.400001 0.450000
0.500000 0.600000

0.200000 0.200000
0.550000 -0.080000
1.000000 0.280000
0.550000 0.640000
0.500000 0.600000

0.200000 0.200000
0.550000 0.025000
1.000000 0.250000
0.400000 0.550000
0.500000 0.600000

0.200000 0.200000
0.550000 0.000000
1.000000 0.257143
0.450000 0.571429
0.500000 0.600000

0.200000 0.200000
0.550000 2.300000
0.766667 1.000000
0.600000 0.000000
0.500000 0.600000

0.200000 0.200000
0.550000 -0.500000
1.300000 1.000000
1.000000 1.600000
0.500000 0.600000

0.200000 0.200000
0.550000 0.500000
-0.033333 1.000000
0.000000 1.028571
0.500000 0.600000

0.200000 0.200000
0.550000 1.512500
0.686667 1.000000
0.540000 0.450000
0.500000 0.600000

0.200000 0.200000
0.550000 1.600000
0.700000 1.000000
0.550000 0.400000
0.500000 0.600000

0.200000 0.200000
0.550000 1.337500
0.653846 1.000000
0.515385 0.550000
0.500000 0.600000

0.200000 0.200000
0.550000 1.040000
0.566667 1.000000
0.450000 0.720000
0.500000 0.600000

0.200000 0.200000
0.550000 0.000000
0.000000 -0.314286
-0.550000 0.000000
0.500000 0.600000

0.200000 0.200000
0.550000 0.258333
-0.000000 0.350000
1.000000 0.516667
0.500000 0.600000

0.200000 0.200000
0.550000 0.500000
0.000000 0.971428
0.033333 1.000000
0.500000 0.600000

0.200000 0.200000
0.550000 0.225000
-0.000000 0.264286
2.600002 0.450000
0.500000 0.600000

0.200000 0.200000
0.550000 0.293333
0.000000 0.440000
0.550000 0.586667
0.500000 0.600000

0.200000 0.200000
0.550000 0.275000
0.000000 0.392857
0.733333 0.550000
0.500000 0.600000

0.200000 0.200000
0.550000 0.307692
0.000000 0.476923
0.450000 0.615385
0.500000 0.600000

0.200000 0.200000
0.550000 1.337501
0.823077 0.450000
0.684615 0.000000
0.500000 0.600000

0.200000 0.200000
0.550000 0.141667
2.400002 0.450000
1.000000 0.683333
0.500000 0.600000

0.200000 0.200000
0.550000 -0.412501
1.042857 0.450000
0.728571 1.000000
0.500000 0.600000

0.200000 0.200000
0.550000 0.225000
-2.600003 0.450000
0.000000 0.635714
0.500000 0.600000

0.200000 0.200000
0.550000 0.316667
0.150000 0.450000
0.550000 0.583333
0.500000 0.600000

0.200000 0.200000
0.550000 0.375000
0.400000 0.450000
0.600000 0.550000
0.500000 0.600000

0.200000 0.200000
0.550000 0.270000
-0.350001 0.450000
0.450000 0.610000
0.500000 0.600000

0.200000 0.200000
0.550000 1.512500
0.806667 0.550000
0.660000 0.000000
0.500000 0.600000

0.200000 0.200000
0.550000 0.025000
1.600000 0.550000
1.000000 0.850000
0.500000 0.600000

0.200000 0.200000
0.550000 -0.237500
1.180000 0.550000
0.820000 1.000000
0.500000 0.600000

0.200000 0.200000
0.550000 0.275000
-0.733333 0.550000
0.000000 0.707143
0.500000 0.600000

0.200000 0.200000
0.550000 0.725000
0.666667 0.550000
0.600000 0.450000
0.500000 0.600000

0.200000 0.200000
0.550000 0.550000
0.550000 0.550000
0.550000 0.550000
0.500000 0.600000

0.200000 0.200000
0.550000 0.410000
0.316667 0.550000
0.450000 0.630000
0.500000 0.600000

0.200000 0.200000
0.550000 -0.360000
0.450000 -0.520000
0.125000 0.000000
0.500000 0.600000

0.200000 0.200000
0.550000 0.293333
0.450000 0.320000
1.000000 0.466667
0.500000 0.600000

0.200000 0.200000
0.550000 1.040000
0.450000 1.280000
0.333333 1.000000
0.500000 0.600000

0.200000 0.200000
0.550000 -0.062500
0.450000 -0.137500
0.000000 0.200000
0.500000 0.600000

0.200000 0.200000
0.550000 0.270000
0.450000 0.290000
1.250001 0.450000
0.500000 0.600000

0.200000 0.200000
0.550000 0.433333
0.450000 0.500000
0.550000 0.566667
0.500000 0.600000

0.200000 0.200000
0.550000 0.410000
0.450000 0.470000
0.583333 0.550000
0.500000 0.600000

0.200000 0.200000
0.503333 0.550000
0.980000 0.000000
1.000000 0.023077
0.500000 0.600000

0.200000 0.200000
0.245652 0.550000
0.317391 -0.000000
0.447826 1.000000
0.500000 0.600000

0.200000 0.200000
0.036667 0.550000
-0.220000 0.000000
0.000000 -0.471429
0.500000 0.600000

0.200000 0.200000
0.287500 0.550000
0.425000 0.000000
0.537500 0.450000
0.500000 0.600000

0.200000 0.200000
0.293333 0.550000
0.440000 0.000000
0.550000 0.412500
0.500000 0.600000

0.200000 0.200000
0.275000 0.550000
0.392857 0.000000
0.510714 0.550000
0.500000 0.600000

0.200000 0.200000
0.246667 0.550000
0.320000 0.000000
0.450000 0.975000
0.500000 0.600000

0.200000 0.200000
0.503333 0.550000
1.000000 -0.023077
1.020000 0.000000
0.500000 0.600000

0.200000 0.200000
-0.710000 0.550000
1.000000 1.207692
1.540000 1.000000
0.500000 0.600000

0.200000 0.200000
2.883334 0.550000
1.000000 0.795652
0.000000 0.665217
0.500000 0.600000

0.200000 0.200000
0.958333 0.550000
1.000000 0.530769
0.825000 0.450000
0.500000 0.600000

0.200000 0.200000
1.600000 0.550000
1.000000 0.700000
0.550000 0.587500
0.500000 0.600000

0.200000 0.200000
1.337500 0.550000
1.000000 0.653846
0.662500 0.550000
0.500000 0.600000

0.200000 0.200000
1.833334 0.550000
1.000000 0.728571
0.450000 0.610714
0.500000 0.600000

0.200000 0.200000
0.138235 0.550000
0.217647 1.000000
0.394118 0.000000
0.500000 0.600000

0.200000 0.200000
-0.710000 0.550000
0.460000 1.000000
1.000000 0.792308
0.500000 0.600000

0.200000 0.200000
0.690000 0.550000
0.060000 1.000000
0.000000 0.957143
0.500000 0.600000

0.200000 0.200000
0.068750 0.550000
0.237500 1.000000
0.443750 0.450000
0.500000 0.600000

0.200000 0.200000
-0.080000 0.550000
0.280000 1.000000
0.550000 0.662500
0.500000 0.600000

0.200000 0.200000
0.025000 0.550000
0.250000 1.000000
0.475000 0.550000
0.500000 0.600000

0.200000 0.200000
0.060000 0.550000
0.240000 1.000000
0.450000 0.475000
0.500000 0.600000

0.200000 0.200000
0.036667 0.550000
0.000000 0.471429
0.220000 0.000000
0.500000 0.600000

0.200000 0.200000
-1.783333 0.550000
0.000000 0.864706
1.000000 0.688235
0.500000 0.600000

0.200000 0.200000
0.690000 0.550000
-0.000000 1.042857
-0.060000 1.000000
0.500000 0.600000

0.200000 0.200000
-0.208333 0.550000
-0.000000 0.728571
0.325000 0.450000
0.500000 0.600000

0.200000 0.200000
-0.733334 0.550000
-0.000000 0.825000
0.550000 0.618750
0.500000 0.600000

0.200000 0.200000
-0.412500 0.550000
0.000000 0.785714
0.412500 0.550000
0.500000 0.600000

0.200000 0.200000
-0.500000 0.550000
0.000000 0.800000
0.450000 0.575000
0.500000 0.600000

0.200000 0.200000
0.054167 0.550000
0.012500 0.450000
0.200000 0.000000
0.500000 0.600000

0.200000 0.200000
0.958333 0.550000
1.175000 0.450000
1.000000 0.369231
0.500000 0.600000

0.200000 0.200000
0.275000 0.550000
0.296429 0.450000
0.414286 1.000000
0.500000 0.600000

0.200000 0.200000
-0.208333 0.550000
-0.325000 0.450000
0.000000 0.171429
0.500000 0.600000

0.200000 0.200000
0.433333 0.550000
0.500000 0.450000
0.550000 0.525000
0.500000 0.600000

0.200000 0.200000
0.410000 0.550000
0.470000 0.450000
0.530000 0.550000
0.500000 0.600000

0.200000 0.200000
0.316667 0.550000
0.350000 0.450000
0.450000 0.750000
0.500000 0.600000

0.200000 0.200000
0.293333 0.550000
0.550000 -0.412500
0.660000 0.000000
0.500000 0.600000

0.200000 0.200000
-0.500000 0.550000
0.550000 1.075000
1.000000 0.850000
0.500000 0.600000

0.200000 0.200000
-0.080000 0.550000
0.550000 1.337500
0.820000 1.000000
0.500000 0.600000

0.200000 0.200000
1.833333 0.550000
0.550000 0.825000
0.000000 0.707143
0.500000 0.600000

0.200000 0.200000
0.433333 0.550000
0.550000 0.375000
0.600000 0.450000
0.500000 0.600000

0.200000 0.200000
0.550000 0.550000
0.550000 0.550000
0.550000 0.550000
0.500000 0.600000

0.200000 0.200000
0.783334 0.550000
0.550000 0.690000
0.450000 0.630000
0.500000 0.600000

0.200000 0.200000
0.246667 0.550000
0.450000 -0.975000
0.580000 0.000000
0.500000 0.600000

0.200000 0.200000
-0.733334 0.550000
0.450000 0.993750
1.000000 0.787500
0.500000 0.600000

0.200000 0.200000
0.060000 0.550000
0.450000 1.525000
0.660000 1.000000
0.500000 0.600000

0.200000 0.200000
1.599999 0.550000
0.450000 0.837500
0.000000 0.725000
0.500000 0.600000

0.200000 0.200000
0.316667 0.550000
0.450000 0.150000
0.550000 0.450000
0.500000 0.600000

0.200000 0.200000
0.316667 0.550000
0.450000 0.149999
0.550000 0.450000
0.500000 0.600000

0.200000 0.200000
0.375000 0.550000
0.450000 0.400000
0.525000 0.550000
0.500000 0.600000

0.200000 0.200000
0.450000 0.450000
0.900000 0.000000
1.000000 0.100000
0.500000 0.600000

0.200000 0.200000
0.450000 -1.800002
0.675000 0.000000
0.550000 1.000000
0.500000 0.600000

0.200000 0.200000
0.450000 0.033333
0.400000 -0.000000
0.000000 0.266667
0.500000 0.600000

0.200000 0.200000
0.450000 -0.425000
0.620000 0.000000
0.440000 0.450000
0.500000 0.600000

0.200000 0.200000
0.450000 -1.800002
0.675000 0.000000
0.550000 1.000001
0.500000 0.600000

0.200000 0.200000
0.450000 -0.675000
0.642857 -0.000000
0.485714 0.550000
0.500000 0.600000

0.200000 0.200000
0.450000 -0.466667
0.625000 -0.000000
0.450000 0.466667
0.500000 0.600000

0.200000 0.200000
0.450000 0.450000
1.000000 -0.100000
1.100000 0.000000
0.500000 0.600000

0.200000 0.200000
0.450000 -0.175000
1.000000 0.650000
0.766667 1.000000
0.500000 0.600000

0.200000 0.200000
0.450000 0.144444
1.000000 0.266667
0.000000 0.488889
0.500000 0.600000

0.200000 0.200000
0.450000 0.168750
1.000000 0.237500
-0.700001 0.450000
0.500000 0.600000

0.200000 0.200000
0.450000 0.057143
1.000000 0.371429
0.550000 0.628571
0.500000 0.600000

0.200000 0.200000
0.450000 0.106250
1.000000 0.312500
0.366667 0.550000
0.500000 0.600000

0.200000 0.200000
0.450000 0.088889
1.000000 0.333333
0.450000 0.577778
0.500000 0.600000

0.200000 0.200000
0.450000 3.200000
0.633333 1.000000
0.550000 0.000000
0.500000 0.600000

0.200000 0.200000
0.450000 -0.175000
1.233333 1.000000
1.000000 1.350000
0.500000 0.600000

0.200000 0.200000
0.450000 0.450000
-0.100000 1.000000
0.000000 1.100000
0.500000 0.600000

0.200000 0.200000
0.450000 2.075000
0.593333 1.000000
0.520000 0.450000
0.500000 0.600000

0.200000 0.200000
0.450000 3.200002
0.633333 1.000000
0.550000 -0.000001
0.500000 0.600000

0.200000 0.200000
0.450000 1.825001
0.576923 1.000000
0.507692 0.550000
0.500000 0.600000

0.200000 0.200000
0.450000 1.200000
0.500000 1.000000
0.450000 0.800000
0.500000 0.600000

0.200000 0.200000
0.450000 0.033333
0.000000 -0.266667
-0.400000 0.000000
0.500000 0.600000

0.200000 0.200000
0.450000 0.245455
0.000000 0.327273
1.000000 0.509091
0.500000 0.600000

0.200000 0.200000
0.450000 0.450000
0.000000 0.900000
0.100000 1.000000
0.500000 0.600000

0.200000 0.200000
0.450000 0.220833
0.000000 0.258333
2.300002 0.450000
0.500000 0.600000

0.200000 0.200000
0.450000 0.276923
0.000000 0.415385
0.550000 0.584615
0.500000 0.600000

0.200000 0.200000
0.450000 0.262500
0.000000 0.375000
0.700000 0.550000
0.500000 0.600000

0.200000 0.200000
0.450000 0.290909
0.000000 0.454545
0.450000 0.618182
0.500000 0.600000

0.200000 0.200000
0.450000 1.825001
0.661538 0.450000
0.592308 0.000000
0.500000 0.600000

0.200000 0.200000
0.450000 0.168750
2.700002 0.450000
1.000000 0.662500
0.500000 0.600000

0.200000 0.200000
0.450000 -0.675001
0.771428 0.450000
0.614286 1.000000
0.500000 0.600000

0.200000 0.200000
0.450000 0.220833
-2.300002 0.450000
0.000000 0.641667
0.500000 0.600000

0.200000 0.200000
0.450000 0.450000
0.450000 0.450000
0.550000 0.550000
0.500000 0.600000

0.200000 0.200000
0.450000 0.450000
0.450000 0.450000
0.550000 0.550000
0.500000 0.600000

0.200000 0.200000
0.450000 0.283333
-0.050000 0.450000
0.450000 0.616667
0.500000 0.600000

0.200000 0.200000
0.450000 -1.800001
0.550000 -1.000000
0.425000 0.000000
0.500000 0.600000

0.200000 0.200000
0.450000 0.290909
0.550000 0.254545
1.000000 0.418182
0.500000 0.600000

0.200000 0.200000
0.450000 3.200003
0.550000 2.000001
0.466667 1.000000
0.500000 0.600000

0.200000 0.200000
0.450000 0.088889
0.550000 0.133333
0.000000 0.377778
0.500000 0.600000

0.200000 0.200000
0.450000 0.450000
0.550000 0.350000
0.650000 0.450000
0.500000 0.600000

0.200000 0.200000
0.450000 0.950001
0.550000 0.650000
0.516667 0.550000
0.500000 0.600000

0.200000 0.200000
0.450000 -559240.062500
0.550000 -335543.843750
0.450000 -111847.546875
0.500000 0.600000

0.200000 0.200000
0.450000 2.075002
0.653333 0.550000
0.580000 0.000000
0.500000 0.600000

0.200000 0.200000
0.450000 0.106250
1.633333 0.550000
1.000000 0.787500
0.500000 0.600000

0.200000 0.200000
0.450000 -0.425000
0.840000 0.550000
0.660000 1.000000
0.500000 0.600000

0.200000 0.200000
0.450000 0.262500
-0.700000 0.550000
0.000000 0.725000
0.500000 0.600000

0.200000 0.200000
0.450000 0.950000
0.583333 0.550000
0.550000 0.450000
0.500000 0.600000

0.200000 0.200000
0.450000 0.950001
0.583333 0.550000
0.550000 0.450000
0.500000 0.600000

0.200000 0.200000
0.450000 0.450000
0.350000 0.550000
0.450000 0.650000
0.500000 0.600000
