phi,Ds_dB,Dh_dB
0.0010,-137.1740,-30.7879
0.3213,-87.0352,-30.7879
0.6416,-81.0279,-30.7877
0.9620,-77.5102,-30.7874
1.2823,-75.0132,-30.7870
1.6026,-73.0756,-30.7865
1.9229,-71.4921,-30.7859
2.2432,-70.1528,-30.7852
2.5635,-68.9923,-30.7844
2.8839,-67.9683,-30.7834
3.2042,-67.0520,-30.7824
3.5245,-66.2228,-30.7812
3.8448,-65.4655,-30.7799
4.1651,-64.7685,-30.7786
4.4855,-64.1229,-30.7771
4.8058,-63.5216,-30.7754
5.1261,-62.9588,-30.7737
5.4464,-62.4298,-30.7719
5.7667,-61.9307,-30.7699
6.0870,-61.4584,-30.7679
6.4074,-61.0099,-30.7657
6.7277,-60.5831,-30.7634
7.0480,-60.1758,-30.7610
7.3683,-59.7863,-30.7585
7.6886,-59.4131,-30.7559
8.0090,-59.0548,-30.7532
8.3293,-58.7103,-30.7504
8.6496,-58.3785,-30.7474
8.9699,-58.0584,-30.7443
9.2902,-57.7493,-30.7412
9.6105,-57.4503,-30.7379
9.9309,-57.1609,-30.7345
10.2512,-56.8803,-30.7309
10.5715,-56.6081,-30.7273
10.8918,-56.3437,-30.7236
11.2121,-56.0866,-30.7197
11.5325,-55.8365,-30.7158
11.8528,-55.5930,-30.7117
12.1731,-55.3556,-30.7075
12.4934,-55.1241,-30.7032
12.8137,-54.8981,-30.6987
13.1341,-54.6774,-30.6942
13.4544,-54.4618,-30.6896
13.7747,-54.2509,-30.6848
14.0950,-54.0445,-30.6799
14.4153,-53.8425,-30.6749
14.7356,-53.6446,-30.6698
15.0560,-53.4506,-30.6646
15.3763,-53.2605,-30.6592
15.6966,-53.0739,-30.6538
16.0169,-52.8908,-30.6482
16.3372,-52.7110,-30.6425
16.6576,-52.5344,-30.6367
16.9779,-52.3608,-30.6308
17.2982,-52.1902,-30.6248
17.6185,-52.0224,-30.6186
17.9388,-51.8573,-30.6123
18.2591,-51.6948,-30.6059
18.5795,-51.5349,-30.5994
18.8998,-51.3773,-30.5928
19.2201,-51.2221,-30.5861
19.5404,-51.0692,-30.5792
19.8607,-50.9184,-30.5722
20.1811,-50.7697,-30.5651
20.5014,-50.6230,-30.5579
20.8217,-50.4783,-30.5506
21.1420,-50.3355,-30.5431
21.4623,-50.1945,-30.5355
21.7826,-50.0553,-30.5278
22.1030,-49.9178,-30.5200
22.4233,-49.7820,-30.5121
22.7436,-49.6477,-30.5040
23.0639,-49.5151,-30.4958
23.3842,-49.3839,-30.4875
23.7046,-49.2542,-30.4791
24.0249,-49.1259,-30.4706
24.3452,-48.9990,-30.4619
24.6655,-48.8735,-30.4531
24.9858,-48.7492,-30.4442
25.3061,-48.6262,-30.4352
25.6265,-48.5044,-30.4260
25.9468,-48.3838,-30.4167
26.2671,-48.2644,-30.4073
26.5874,-48.1461,-30.3978
26.9077,-48.0289,-30.3881
27.2281,-47.9127,-30.3783
27.5484,-47.7976,-30.3684
27.8687,-47.6834,-30.3583
28.1890,-47.5703,-30.3482
28.5093,-47.4581,-30.3379
28.8296,-47.3468,-30.3274
29.1500,-47.2364,-30.3169
29.4703,-47.1269,-30.3062
29.7906,-47.0183,-30.2954
30.1109,-46.9104,-30.2845
30.4312,-46.8034,-30.2734
30.7516,-46.6972,-30.2622
31.0719,-46.5917,-30.2508
31.3922,-46.4870,-30.2394
31.7125,-46.3830,-30.2278
32.0328,-46.2797,-30.2161
32.3532,-46.1771,-30.2042
32.6735,-46.0752,-30.1922
32.9938,-45.9739,-30.1801
33.3141,-45.8733,-30.1678
33.6344,-45.7733,-30.1554
33.9547,-45.6738,-30.1429
34.2751,-45.5750,-30.1302
34.5954,-45.4768,-30.1174
34.9157,-45.3791,-30.1044
35.2360,-45.2820,-30.0913
35.5563,-45.1854,-30.0781
35.8767,-45.0893,-30.0648
36.1970,-44.9937,-30.0513
36.5173,-44.8986,-30.0376
36.8376,-44.8040,-30.0238
37.1579,-44.7099,-30.0099
37.4782,-44.6162,-29.9958
37.7986,-44.5230,-29.9816
38.1189,-44.4301,-29.9673
38.4392,-44.3378,-29.9528
38.7595,-44.2458,-29.9382
39.0798,-44.1542,-29.9234
39.4002,-44.0630,-29.9084
39.7205,-43.9722,-29.8934
40.0408,-43.8818,-29.8781
40.3611,-43.7917,-29.8628
40.6814,-43.7020,-29.8472
41.0017,-43.6126,-29.8316
41.3221,-43.5235,-29.8157
41.6424,-43.4348,-29.7998
41.9627,-43.3464,-29.7836
42.2830,-43.2582,-29.7674
42.6033,-43.1704,-29.7509
42.9237,-43.0829,-29.7344
43.2440,-42.9956,-29.7176
43.5643,-42.9086,-29.7007
43.8846,-42.8219,-29.6837
44.2049,-42.7354,-29.6665
44.5252,-42.6492,-29.6491
44.8456,-42.5632,-29.6316
45.1659,-42.4775,-29.6139
45.4862,-42.3919,-29.5960
45.8065,-42.3066,-29.5780
46.1268,-42.2215,-29.5598
46.4472,-42.1366,-29.5415
46.7675,-42.0519,-29.5230
47.0878,-41.9674,-29.5043
47.4081,-41.8831,-29.4855
47.7284,-41.7989,-29.4665
48.0487,-41.7149,-29.4473
48.3691,-41.6311,-29.4280
48.6894,-41.5475,-29.4085
49.0097,-41.4640,-29.3888
49.3300,-41.3806,-29.3690
49.6503,-41.2974,-29.3489
49.9707,-41.2143,-29.3287
50.2910,-41.1313,-29.3084
50.6113,-41.0485,-29.2878
50.9316,-40.9657,-29.2671
51.2519,-40.8831,-29.2461
51.5722,-40.8006,-29.2251
51.8926,-40.7182,-29.2038
52.2129,-40.6359,-29.1823
52.5332,-40.5536,-29.1607
52.8535,-40.4715,-29.1388
53.1738,-40.3894,-29.1168
53.4942,-40.3074,-29.0946
53.8145,-40.2255,-29.0722
54.1348,-40.1436,-29.0497
54.4551,-40.0618,-29.0269
54.7754,-39.9800,-29.0039
55.0958,-39.8983,-28.9807
55.4161,-39.8166,-28.9574
55.7364,-39.7350,-28.9338
56.0567,-39.6533,-28.9101
56.3770,-39.5717,-28.8861
56.6973,-39.4902,-28.8619
57.0177,-39.4086,-28.8376
57.3380,-39.3271,-28.8130
57.6583,-39.2455,-28.7882
57.9786,-39.1640,-28.7633
58.2989,-39.0824,-28.7381
58.6193,-39.0009,-28.7127
58.9396,-38.9193,-28.6870
59.2599,-38.8378,-28.6612
59.5802,-38.7561,-28.6351
59.9005,-38.6745,-28.6089
60.2208,-38.5928,-28.5824
60.5412,-38.5111,-28.5557
60.8615,-38.4294,-28.5287
61.1818,-38.3476,-28.5016
61.5021,-38.2658,-28.4742
61.8224,-38.1839,-28.4466
62.1428,-38.1019,-28.4187
62.4631,-38.0199,-28.3906
62.7834,-37.9378,-28.3623
63.1037,-37.8556,-28.3337
63.4240,-37.7734,-28.3049
63.7443,-37.6911,-28.2759
64.0647,-37.6086,-28.2466
64.3850,-37.5261,-28.2171
64.7053,-37.4435,-28.1873
65.0256,-37.3608,-28.1573
65.3459,-37.2780,-28.1270
65.6663,-37.1951,-28.0964
65.9866,-37.1120,-28.0656
66.3069,-37.0288,-28.0346
66.6272,-36.9455,-28.0033
66.9475,-36.8621,-27.9717
67.2678,-36.7786,-27.9398
67.5882,-36.6949,-27.9077
67.9085,-36.6110,-27.8753
68.2288,-36.5270,-27.8426
68.5491,-36.4428,-27.8096
68.8694,-36.3585,-27.7764
69.1898,-36.2741,-27.7429
69.5101,-36.1894,-27.7090
69.8304,-36.1046,-27.6749
70.1507,-36.0196,-27.6405
70.4710,-35.9344,-27.6058
70.7913,-35.8490,-27.5709
71.1117,-35.7634,-27.5356
71.4320,-35.6776,-27.4999
71.7523,-35.5917,-27.4640
72.0726,-35.5055,-27.4278
72.3929,-35.4190,-27.3912
72.7133,-35.3324,-27.3544
73.0336,-35.2455,-27.3172
73.3539,-35.1584,-27.2797
73.6742,-35.0711,-27.2418
73.9945,-34.9835,-27.2036
74.3148,-34.8957,-27.1651
74.6352,-34.8076,-27.1262
74.9555,-34.7193,-27.0870
75.2758,-34.6306,-27.0474
75.5961,-34.5417,-27.0075
75.9164,-34.4526,-26.9672
76.2368,-34.3631,-26.9266
76.5571,-34.2734,-26.8856
76.8774,-34.1833,-26.8442
77.1977,-34.0930,-26.8024
77.5180,-34.0023,-26.7602
77.8384,-33.9113,-26.7177
78.1587,-33.8200,-26.6748
78.4790,-33.7284,-26.6314
78.7993,-33.6364,-26.5877
79.1196,-33.5441,-26.5435
79.4399,-33.4514,-26.4990
79.7603,-33.3583,-26.4540
80.0806,-33.2649,-26.4086
80.4009,-33.1712,-26.3628
80.7212,-33.0770,-26.3165
81.0415,-32.9825,-26.2698
81.3619,-32.8875,-26.2226
81.6822,-32.7922,-26.1750
82.0025,-32.6964,-26.1269
82.3228,-32.6002,-26.0783
82.6431,-32.5036,-26.0293
82.9634,-32.4065,-25.9798
83.2838,-32.3090,-25.9298
83.6041,-32.2111,-25.8793
83.9244,-32.1127,-25.8283
84.2447,-32.0138,-25.7767
84.5650,-31.9144,-25.7247
84.8854,-31.8145,-25.6721
85.2057,-31.7142,-25.6190
85.5260,-31.6133,-25.5654
85.8463,-31.5119,-25.5112
86.1666,-31.4099,-25.4564
86.4869,-31.3074,-25.4010
86.8073,-31.2044,-25.3451
87.1276,-31.1008,-25.2886
87.4479,-30.9966,-25.2315
87.7682,-30.8919,-25.1738
88.0885,-30.7865,-25.1154
88.4089,-30.6805,-25.0564
88.7292,-30.5739,-24.9968
89.0495,-30.4667,-24.9365
89.3698,-30.3588,-24.8756
89.6901,-30.2502,-24.8140
90.0104,-30.1410,-24.7516
90.3308,-30.0310,-24.6886
90.6511,-29.9204,-24.6249
90.9714,-29.8091,-24.5604
91.2917,-29.6970,-24.4952
91.6120,-29.5841,-24.4293
91.9324,-29.4705,-24.3625
92.2527,-29.3561,-24.2950
92.5730,-29.2409,-24.2267
92.8933,-29.1249,-24.1575
93.2136,-29.0081,-24.0876
93.5339,-28.8904,-24.0167
93.8543,-28.7718,-23.9450
94.1746,-28.6523,-23.8725
94.4949,-28.5319,-23.7990
94.8152,-28.4106,-23.7246
95.1355,-28.2884,-23.6492
95.4559,-28.1651,-23.5729
95.7762,-28.0409,-23.4956
96.0965,-27.9156,-23.4172
96.4168,-27.7893,-23.3379
96.7371,-27.6619,-23.2575
97.0575,-27.5334,-23.1760
97.3778,-27.4038,-23.0934
97.6981,-27.2731,-23.0097
98.0184,-27.1412,-22.9249
98.3387,-27.0080,-22.8388
98.6590,-26.8736,-22.7516
98.9794,-26.7380,-22.6631
99.2997,-26.6011,-22.5733
99.6200,-26.4628,-22.4822
99.9403,-26.3231,-22.3898
100.2606,-26.1821,-22.2960
100.5810,-26.0395,-22.2008
100.9013,-25.8956,-22.1041
101.2216,-25.7500,-22.0060
101.5419,-25.6030,-21.9063
101.8622,-25.4543,-21.8051
102.1825,-25.3039,-21.7022
102.5029,-25.1519,-21.5977
102.8232,-24.9980,-21.4915
103.1435,-24.8424,-21.3835
103.4638,-24.6849,-21.2737
103.7841,-24.5255,-21.1620
104.1045,-24.3642,-21.0485
104.4248,-24.2008,-20.9329
104.7451,-24.0353,-20.8153
105.0654,-23.8676,-20.6955
105.3857,-23.6976,-20.5736
105.7060,-23.5254,-20.4494
106.0264,-23.3508,-20.3229
106.3467,-23.1736,-20.1940
106.6670,-22.9940,-20.0626
106.9873,-22.8116,-19.9286
107.3076,-22.6265,-19.7919
107.6280,-22.4386,-19.6524
107.9483,-22.2477,-19.5100
108.2686,-22.0538,-19.3647
108.5889,-21.8566,-19.2162
108.9092,-21.6561,-19.0645
109.2295,-21.4522,-18.9094
109.5499,-21.2447,-18.7508
109.8702,-21.0335,-18.5885
110.1905,-20.8183,-18.4225
110.5108,-20.5991,-18.2524
110.8311,-20.3756,-18.0782
111.1515,-20.1477,-17.8996
111.4718,-19.9151,-17.7164
111.7921,-19.6776,-17.5285
112.1124,-19.4350,-17.3355
112.4327,-19.1870,-17.1372
112.7530,-18.9334,-16.9334
113.0734,-18.6738,-16.7237
113.3937,-18.4079,-16.5078
113.7140,-18.1354,-16.2854
114.0343,-17.8558,-16.0561
114.3546,-17.5689,-15.8195
114.6750,-17.2740,-15.5751
114.9953,-16.9708,-15.3224
115.3156,-16.6586,-15.0609
115.6359,-16.3370,-14.7901
115.9562,-16.0051,-14.5091
116.2765,-15.6623,-14.2173
116.5969,-15.3078,-13.9139
116.9172,-14.9406,-13.5980
117.2375,-14.5597,-13.2686
117.5578,-14.1640,-12.9244
117.8781,-13.7522,-12.5643
118.1985,-13.3228,-12.1866
118.5188,-12.8740,-11.7898
118.8391,-12.4040,-11.3719
119.1594,-11.9105,-10.9306
119.4797,-11.3907,-10.4632
119.8001,-10.8417,-9.9666
120.1204,-10.2596,-9.4372
120.4407,-9.6399,-8.8703
120.7610,-8.9773,-8.2606
121.0813,-8.2648,-7.6013
121.4016,-7.4942,-6.8839
121.7220,-6.6543,-6.0975
122.0423,-5.7311,-5.2280
122.3626,-4.7054,-4.2560
122.6829,-3.5506,-3.1552
123.0032,-2.2282,-1.8868
123.3236,-0.6793,-0.3922
123.6439,1.1927,1.4253
123.9642,3.5634,3.7414
124.2845,6.8072,6.9303
124.6048,11.9938,12.0620
124.9251,26.4754,26.4884
125.2455,16.1907,16.1482
125.5658,8.9678,8.8698
125.8861,5.1016,4.9478
126.2064,2.4518,2.2420
126.5267,0.4371,0.1710
126.8471,-1.1866,-1.5091
127.1674,-2.5451,-2.9242
127.4877,-3.7117,-4.1476
127.8080,-4.7330,-5.2259
128.1283,-5.6405,-6.1907
128.4486,-6.4564,-7.0641
128.7690,-7.1970,-7.8625
129.0893,-7.8746,-8.5980
129.4096,-8.4987,-9.2803
129.7299,-9.0768,-9.9169
130.0502,-9.6149,-10.5137
130.3706,-10.1180,-11.0757
130.6909,-10.5900,-11.6069
131.0112,-11.0345,-12.1108
131.3315,-11.4541,-12.5902
131.6518,-11.8515,-13.0475
131.9721,-12.2287,-13.4849
132.2925,-12.5875,-13.9042
132.6128,-12.9294,-14.3069
132.9331,-13.2559,-14.6945
133.2534,-13.5681,-15.0681
133.5737,-13.8672,-15.4289
133.8941,-14.1542,-15.7778
134.2144,-14.4298,-16.1156
134.5347,-14.6948,-16.4432
134.8550,-14.9500,-16.7612
135.1753,-15.1959,-17.0703
135.4956,-15.4332,-17.3711
135.8160,-15.6623,-17.6640
136.1363,-15.8837,-17.9496
136.4566,-16.0979,-18.2283
136.7769,-16.3052,-18.5004
137.0972,-16.5060,-18.7665
137.4176,-16.7007,-19.0267
137.7379,-16.8895,-19.2814
138.0582,-17.0728,-19.5309
138.3785,-17.2507,-19.7756
138.6988,-17.4237,-20.0155
139.0192,-17.5918,-20.2510
139.3395,-17.7553,-20.4823
139.6598,-17.9144,-20.7096
139.9801,-18.0693,-20.9331
140.3004,-18.2201,-21.1530
140.6207,-18.3671,-21.3694
140.9411,-18.5103,-21.5825
141.2614,-18.6500,-21.7924
141.5817,-18.7862,-21.9994
141.9020,-18.9191,-22.2035
142.2223,-19.0488,-22.4048
142.5427,-19.1754,-22.6035
142.8630,-19.2990,-22.7998
143.1833,-19.4198,-22.9936
143.5036,-19.5378,-23.1852
143.8239,-19.6531,-23.3746
144.1442,-19.7658,-23.5619
144.4646,-19.8761,-23.7472
144.7849,-19.9838,-23.9306
145.1052,-20.0892,-24.1122
145.4255,-20.1924,-24.2920
145.7458,-20.2933,-24.4702
146.0662,-20.3920,-24.6468
146.3865,-20.4887,-24.8219
146.7068,-20.5833,-24.9955
147.0271,-20.6759,-25.1678
147.3474,-20.7667,-25.3388
147.6677,-20.8555,-25.5085
147.9881,-20.9425,-25.6770
148.3084,-21.0278,-25.8444
148.6287,-21.1113,-26.0107
148.9490,-21.1931,-26.1761
149.2693,-21.2732,-26.3404
149.5897,-21.3518,-26.5039
149.9100,-21.4288,-26.6665
150.2303,-21.5042,-26.8284
150.5506,-21.5782,-26.9894
150.8709,-21.6507,-27.1498
151.1912,-21.7217,-27.3096
151.5116,-21.7914,-27.4687
151.8319,-21.8597,-27.6273
152.1522,-21.9266,-27.7854
152.4725,-21.9923,-27.9430
152.7928,-22.0566,-28.1003
153.1132,-22.1197,-28.2571
153.4335,-22.1816,-28.4136
153.7538,-22.2422,-28.5699
154.0741,-22.3017,-28.7260
154.3944,-22.3599,-28.8818
154.7147,-22.4171,-29.0375
155.0351,-22.4731,-29.1931
155.3554,-22.5280,-29.3487
155.6757,-22.5819,-29.5043
155.9960,-22.6346,-29.6599
156.3163,-22.6864,-29.8156
156.6367,-22.7370,-29.9714
156.9570,-22.7867,-30.1274
157.2773,-22.8354,-30.2836
157.5976,-22.8831,-30.4401
157.9179,-22.9299,-30.5969
158.2382,-22.9757,-30.7541
158.5586,-23.0206,-30.9117
158.8789,-23.0645,-31.0698
159.1992,-23.1076,-31.2284
159.5195,-23.1497,-31.3876
159.8398,-23.1910,-31.5474
160.1602,-23.2314,-31.7079
160.4805,-23.2709,-31.8692
160.8008,-23.3097,-32.0312
161.1211,-23.3475,-32.1941
161.4414,-23.3846,-32.3579
161.7618,-23.4208,-32.5227
162.0821,-23.4563,-32.6886
162.4024,-23.4909,-32.8556
162.7227,-23.5248,-33.0237
163.0430,-23.5579,-33.1932
163.3633,-23.5902,-33.3639
163.6837,-23.6218,-33.5361
164.0040,-23.6526,-33.7098
164.3243,-23.6827,-33.8850
164.6446,-23.7121,-34.0619
164.9649,-23.7407,-34.2406
165.2853,-23.7686,-34.4212
165.6056,-23.7958,-34.6037
165.9259,-23.8223,-34.7882
166.2462,-23.8482,-34.9750
166.5665,-23.8733,-35.1640
166.8868,-23.8977,-35.3555
167.2072,-23.9215,-35.5495
167.5275,-23.9446,-35.7461
167.8478,-23.9671,-35.9457
168.1681,-23.9888,-36.1482
168.4884,-24.0100,-36.3538
168.8088,-24.0305,-36.5628
169.1291,-24.0503,-36.7752
169.4494,-24.0695,-36.9914
169.7697,-24.0881,-37.2114
170.0900,-24.1060,-37.4356
170.4103,-24.1233,-37.6642
170.7307,-24.1400,-37.8974
171.0510,-24.1561,-38.1355
171.3713,-24.1715,-38.3788
171.6916,-24.1864,-38.6276
172.0119,-24.2006,-38.8823
172.3323,-24.2143,-39.1433
172.6526,-24.2273,-39.4109
172.9729,-24.2397,-39.6856
173.2932,-24.2516,-39.9679
173.6135,-24.2629,-40.2583
173.9338,-24.2735,-40.5574
174.2542,-24.2836,-40.8660
174.5745,-24.2931,-41.1845
174.8948,-24.3020,-41.5140
175.2151,-24.3104,-41.8553
175.5354,-24.3181,-42.2093
175.8558,-24.3253,-42.5772
176.1761,-24.3319,-42.9602
176.4964,-24.3380,-43.3599
176.8167,-24.3434,-43.7778
177.1370,-24.3483,-44.2158
177.4573,-24.3527,-44.6761
177.7777,-24.3564,-45.1614
178.0980,-24.3596,-45.6745
178.4183,-24.3623,-46.2191
178.7386,-24.3643,-46.7994
179.0589,-24.3658,-47.4208
179.3793,-24.3668,-48.0895
179.6996,-24.3671,-48.8137
180.0199,-24.3670,-49.6036
180.3402,-24.3662,-50.4725
180.6605,-24.3649,-51.4383
180.9808,-24.3630,-52.5255
181.3012,-24.3606,-53.7693
181.6215,-24.3576,-55.2227
181.9418,-24.3540,-56.9712
182.2621,-24.3499,-59.1658
182.5824,-24.3452,-62.1146
182.9028,-24.3399,-66.6229
183.2231,-24.3341,-76.5660
183.5434,-24.3277,-75.3812
183.8637,-24.3207,-66.2029
184.1840,-24.3132,-61.8319
184.5044,-24.3051,-58.9310
184.8247,-24.2964,-56.7545
185.1450,-24.2871,-55.0105
185.4653,-24.2773,-53.5542
185.7856,-24.2669,-52.3032
186.1059,-24.2559,-51.2060
186.4263,-24.2443,-50.2282
186.7466,-24.2321,-49.3458
187.0669,-24.2194,-48.5414
187.3872,-24.2060,-47.8019
187.7075,-24.1921,-47.1173
188.0279,-24.1775,-46.4795
188.3482,-24.1624,-45.8823
188.6685,-24.1466,-45.3204
188.9888,-24.1303,-44.7898
189.3091,-24.1133,-44.2867
189.6294,-24.0958,-43.8084
189.9498,-24.0776,-43.3521
190.2701,-24.0588,-42.9158
190.5904,-24.0394,-42.4975
190.9107,-24.0193,-42.0956
191.2310,-23.9986,-41.7088
191.5514,-23.9773,-41.3357
191.8717,-23.9553,-40.9752
192.1920,-23.9327,-40.6264
192.5123,-23.9094,-40.2883
192.8326,-23.8854,-39.9601
193.1529,-23.8608,-39.6412
193.4733,-23.8356,-39.3309
193.7936,-23.8096,-39.0286
194.1139,-23.7830,-38.7337
194.4342,-23.7557,-38.4458
194.7545,-23.7277,-38.1645
195.0749,-23.6989,-37.8892
195.3952,-23.6695,-37.6197
195.7155,-23.6394,-37.3556
196.0358,-23.6085,-37.0965
196.3561,-23.5769,-36.8422
196.6764,-23.5446,-36.5924
196.9968,-23.5115,-36.3468
197.3171,-23.4777,-36.1051
197.6374,-23.4431,-35.8673
197.9577,-23.4077,-35.6329
198.2780,-23.3715,-35.4019
198.5984,-23.3346,-35.1741
198.9187,-23.2968,-34.9492
199.2390,-23.2582,-34.7271
199.5593,-23.2188,-34.5077
199.8796,-23.1786,-34.2908
200.1999,-23.1375,-34.0762
200.5203,-23.0956,-33.8638
200.8406,-23.0528,-33.6536
201.1609,-23.0091,-33.4453
201.4812,-22.9645,-33.2388
201.8015,-22.9190,-33.0341
202.1219,-22.8726,-32.8310
202.4422,-22.8252,-32.6295
202.7625,-22.7769,-32.4294
203.0828,-22.7276,-32.2306
203.4031,-22.6773,-32.0330
203.7235,-22.6261,-31.8366
204.0438,-22.5738,-31.6412
204.3641,-22.5205,-31.4469
204.6844,-22.4661,-31.2534
205.0047,-22.4106,-31.0607
205.3250,-22.3541,-30.8688
205.6454,-22.2964,-30.6775
205.9657,-22.2376,-30.4869
206.2860,-22.1777,-30.2967
206.6063,-22.1166,-30.1070
206.9266,-22.0543,-29.9177
207.2470,-21.9907,-29.7286
207.5673,-21.9259,-29.5399
207.8876,-21.8599,-29.3512
208.2079,-21.7925,-29.1627
208.5282,-21.7238,-28.9743
208.8485,-21.6537,-28.7858
209.1689,-21.5823,-28.5972
209.4892,-21.5094,-28.4084
209.8095,-21.4351,-28.2194
210.1298,-21.3593,-28.0302
210.4501,-21.2820,-27.8405
210.7705,-21.2031,-27.6505
211.0908,-21.1226,-27.4600
211.4111,-21.0405,-27.2689
211.7314,-20.9567,-27.0772
212.0517,-20.8712,-26.8848
212.3720,-20.7839,-26.6916
212.6924,-20.6948,-26.4976
213.0127,-20.6039,-26.3027
213.3330,-20.5110,-26.1068
213.6533,-20.4161,-25.9098
213.9736,-20.3193,-25.7117
214.2940,-20.2203,-25.5124
214.6143,-20.1192,-25.3118
214.9346,-20.0159,-25.1099
215.2549,-19.9104,-24.9064
215.5752,-19.8024,-24.7014
215.8955,-19.6921,-24.4948
216.2159,-19.5793,-24.2864
216.5362,-19.4638,-24.0762
216.8565,-19.3457,-23.8640
217.1768,-19.2248,-23.6497
217.4971,-19.1011,-23.4333
217.8175,-18.9744,-23.2146
218.1378,-18.8447,-22.9935
218.4581,-18.7117,-22.7699
218.7784,-18.5754,-22.5436
219.0987,-18.4357,-22.3144
219.4190,-18.2925,-22.0823
219.7394,-18.1455,-21.8471
220.0597,-17.9946,-21.6086
220.3800,-17.8397,-21.3666
220.7003,-17.6806,-21.1210
221.0206,-17.5171,-20.8715
221.3410,-17.3489,-20.6179
221.6613,-17.1760,-20.3601
221.9816,-16.9980,-20.0977
222.3019,-16.8147,-19.8305
222.6222,-16.6259,-19.5582
222.9425,-16.4311,-19.2806
223.2629,-16.2303,-18.9973
223.5832,-16.0229,-18.7079
223.9035,-15.8086,-18.4121
224.2238,-15.5871,-18.1095
224.5441,-15.3578,-17.7996
224.8645,-15.1204,-17.4819
225.1848,-14.8742,-17.1560
225.5051,-14.6188,-16.8212
225.8254,-14.3535,-16.4768
226.1457,-14.0775,-16.1223
226.4661,-13.7902,-15.7567
226.7864,-13.4905,-15.3792
227.1067,-13.1777,-14.9889
227.4270,-12.8505,-14.5846
227.7473,-12.5077,-14.1650
228.0676,-12.1479,-13.7289
228.3880,-11.7696,-13.2745
228.7083,-11.3708,-12.8000
229.0286,-10.9495,-12.3032
229.3489,-10.5031,-11.7818
229.6692,-10.0288,-11.2327
229.9896,-9.5230,-10.6524
230.3099,-8.9816,-10.0369
230.6302,-8.3997,-9.3811
230.9505,-7.7709,-8.6787
231.2708,-7.0876,-7.9221
231.5911,-6.3399,-7.1015
231.9115,-5.5153,-6.2040
232.2318,-4.5967,-5.2129
232.5521,-3.5610,-4.1050
232.8724,-2.3752,-2.8473
233.1927,-0.9904,-1.3907
233.5131,0.6717,0.3429
233.8334,2.7466,2.4890
234.1537,5.5022,5.3156
234.4740,9.6008,9.4850
234.7943,17.7244,17.6792
235.1146,22.7683,22.7935
235.4350,11.1539,11.2492
235.7553,6.3283,6.4936
236.0756,3.2250,3.4600
236.3959,0.9284,1.2329
236.7162,-0.8985,-0.5246
237.0366,-2.4173,-1.9743
237.3569,-3.7187,-3.2066
237.6772,-4.8581,-4.2772
237.9975,-5.8722,-5.2228
238.3178,-6.7867,-6.0687
238.6381,-7.6198,-6.8336
238.9585,-8.3853,-7.5310
239.2788,-9.0938,-8.1715
239.5991,-9.7536,-8.7633
239.9194,-10.3711,-9.3132
240.2397,-10.9517,-9.8262
240.5601,-11.4998,-10.3069
240.8804,-12.0191,-10.7589
241.2007,-12.5126,-11.1853
241.5210,-12.9829,-11.5886
241.8413,-13.4323,-11.9711
242.1616,-13.8626,-12.3346
242.4820,-14.2756,-12.6810
242.8023,-14.6727,-13.0115
243.1226,-15.0551,-13.3275
243.4429,-15.4241,-13.6301
243.7632,-15.7806,-13.9204
244.0836,-16.1256,-14.1992
244.4039,-16.4598,-14.4673
244.7242,-16.7839,-14.7255
245.0445,-17.0987,-14.9744
245.3648,-17.4047,-15.2146
245.6852,-17.7024,-15.4465
246.0055,-17.9923,-15.6708
246.3258,-18.2750,-15.8879
246.6461,-18.5508,-16.0981
246.9664,-18.8200,-16.3019
247.2867,-19.0831,-16.4996
247.6071,-19.3403,-16.6915
247.9274,-19.5920,-16.8778
248.2477,-19.8384,-17.0590
248.5680,-20.0798,-17.2352
248.8883,-20.3164,-17.4066
249.2087,-20.5485,-17.5736
249.5290,-20.7762,-17.7362
249.8493,-20.9997,-17.8947
250.1696,-21.2193,-18.0492
250.4899,-21.4351,-18.2000
250.8102,-21.6473,-18.3471
251.1306,-21.8559,-18.4908
251.4509,-22.0613,-18.6311
251.7712,-22.2634,-18.7683
252.0915,-22.4624,-18.9023
252.4118,-22.6584,-19.0334
252.7322,-22.8516,-19.1617
253.0525,-23.0421,-19.2872
253.3728,-23.2299,-19.4100
253.6931,-23.4152,-19.5303
254.0134,-23.5980,-19.6481
254.3337,-23.7784,-19.7635
254.6541,-23.9566,-19.8766
254.9744,-24.1325,-19.9875
255.2947,-24.3063,-20.0962
255.6150,-24.4781,-20.2028
255.9353,-24.6478,-20.3074
256.2557,-24.8157,-20.4100
256.5760,-24.9817,-20.5107
256.8963,-25.1458,-20.6096
257.2166,-25.3083,-20.7067
257.5369,-25.4690,-20.8020
257.8572,-25.6282,-20.8957
258.1776,-25.7857,-20.9877
258.4979,-25.9417,-21.0781
258.8182,-26.0962,-21.1669
259.1385,-26.2493,-21.2542
259.4588,-26.4010,-21.3401
259.7792,-26.5513,-21.4245
260.0995,-26.7003,-21.5076
260.4198,-26.8480,-21.5892
260.7401,-26.9945,-21.6696
261.0604,-27.1398,-21.7486
261.3807,-27.2840,-21.8264
261.7011,-27.4270,-21.9029
262.0214,-27.5689,-21.9783
262.3417,-27.7098,-22.0524
262.6620,-27.8496,-22.1254
262.9823,-27.9884,-22.1973
263.3027,-28.1263,-22.2681
263.6230,-28.2632,-22.3379
263.9433,-28.3992,-22.4065
264.2636,-28.5343,-22.4742
264.5839,-28.6685,-22.5409
264.9042,-28.8019,-22.6065
265.2246,-28.9345,-22.6712
265.5449,-29.0663,-22.7350
265.8652,-29.1974,-22.7979
266.1855,-29.3277,-22.8598
266.5058,-29.4573,-22.9209
266.8262,-29.5862,-22.9811
267.1465,-29.7144,-23.0404
267.4668,-29.8419,-23.0989
267.7871,-29.9689,-23.1566
268.1074,-30.0952,-23.2135
268.4278,-30.2210,-23.2697
268.7481,-30.3461,-23.3250
269.0684,-30.4707,-23.3796
269.3887,-30.5948,-23.4334
269.7090,-30.7184,-23.4865
270.0293,-30.8415,-23.5389
270.3497,-30.9641,-23.5906
270.6700,-31.0862,-23.6416
270.9903,-31.2079,-23.6919
271.3106,-31.3292,-23.7415
271.6309,-31.4500,-23.7905
271.9513,-31.5705,-23.8389
272.2716,-31.6906,-23.8866
272.5919,-31.8103,-23.9336
272.9122,-31.9297,-23.9801
273.2325,-32.0487,-24.0259
273.5528,-32.1675,-24.0712
273.8732,-32.2859,-24.1159
274.1935,-32.4041,-24.1599
274.5138,-32.5220,-24.2035
274.8341,-32.6396,-24.2464
275.1544,-32.7570,-24.2888
275.4748,-32.8742,-24.3307
275.7951,-32.9912,-24.3720
276.1154,-33.1080,-24.4128
276.4357,-33.2246,-24.4531
276.7560,-33.3411,-24.4928
277.0763,-33.4574,-24.5321
277.3967,-33.5736,-24.5708
277.7170,-33.6897,-24.6091
278.0373,-33.8056,-24.6469
278.3576,-33.9215,-24.6842
278.6779,-34.0373,-24.7210
278.9983,-34.1531,-24.7573
279.3186,-34.2688,-24.7932
279.6389,-34.3844,-24.8287
279.9592,-34.5001,-24.8637
280.2795,-34.6158,-24.8982
280.5998,-34.7315,-24.9323
280.9202,-34.8472,-24.9660
281.2405,-34.9629,-24.9992
281.5608,-35.0787,-25.0321
281.8811,-35.1946,-25.0645
282.2014,-35.3106,-25.0965
282.5218,-35.4267,-25.1280
282.8421,-35.5430,-25.1592
283.1624,-35.6593,-25.1900
283.4827,-35.7759,-25.2204
283.8030,-35.8926,-25.2504
284.1233,-36.0095,-25.2800
284.4437,-36.1265,-25.3092
284.7640,-36.2439,-25.3381
285.0843,-36.3614,-25.3666
285.4046,-36.4793,-25.3947
285.7249,-36.5973,-25.4224
286.0453,-36.7157,-25.4498
286.3656,-36.8344,-25.4769
286.6859,-36.9535,-25.5035
287.0062,-37.0729,-25.5299
287.3265,-37.1926,-25.5558
287.6468,-37.3128,-25.5815
287.9672,-37.4334,-25.6068
288.2875,-37.5543,-25.6317
288.6078,-37.6758,-25.6563
288.9281,-37.7977,-25.6806
289.2484,-37.9201,-25.7046
289.5688,-38.0431,-25.7282
289.8891,-38.1665,-25.7515
290.2094,-38.2906,-25.7745
290.5297,-38.4152,-25.7972
290.8500,-38.5405,-25.8196
291.1704,-38.6664,-25.8416
291.4907,-38.7929,-25.8634
291.8110,-38.9202,-25.8848
292.1313,-39.0482,-25.9059
292.4516,-39.1769,-25.9268
292.7719,-39.3064,-25.9473
293.0923,-39.4367,-25.9675
293.4126,-39.5679,-25.9875
293.7329,-39.6999,-26.0071
294.0532,-39.8329,-26.0265
294.3735,-39.9668,-26.0456
294.6939,-40.1017,-26.0644
295.0142,-40.2375,-26.0829
295.3345,-40.3745,-26.1011
295.6548,-40.5125,-26.1190
295.9751,-40.6517,-26.1367
296.2954,-40.7920,-26.1541
296.6158,-40.9336,-26.1712
296.9361,-41.0764,-26.1881
297.2564,-41.2206,-26.2046
297.5767,-41.3661,-26.2209
297.8970,-41.5130,-26.2370
298.2174,-41.6614,-26.2528
298.5377,-41.8113,-26.2683
298.8580,-41.9629,-26.2835
299.1783,-42.1160,-26.2985
299.4986,-42.2709,-26.3132
299.8189,-42.4275,-26.3277
300.1393,-42.5860,-26.3419
300.4596,-42.7464,-26.3559
300.7799,-42.9088,-26.3696
301.1002,-43.0732,-26.3831
301.4205,-43.2398,-26.3963
301.7409,-43.4087,-26.4093
302.0612,-43.5799,-26.4220
302.3815,-43.7535,-26.4344
302.7018,-43.9297,-26.4467
303.0221,-44.1085,-26.4586
303.3424,-44.2901,-26.4704
303.6628,-44.4746,-26.4819
303.9831,-44.6621,-26.4931
304.3034,-44.8527,-26.5041
304.6237,-45.0466,-26.5149
304.9440,-45.2440,-26.5255
305.2644,-45.4450,-26.5358
305.5847,-45.6498,-26.5458
305.9050,-45.8585,-26.5557
306.2253,-46.0714,-26.5653
306.5456,-46.2887,-26.5746
306.8659,-46.5106,-26.5838
307.1863,-46.7373,-26.5927
307.5066,-46.9692,-26.6013
307.8269,-47.2064,-26.6098
308.1472,-47.4494,-26.6180
308.4675,-47.6984,-26.6260
308.7879,-47.9537,-26.6337
309.1082,-48.2159,-26.6413
309.4285,-48.4853,-26.6486
309.7488,-48.7623,-26.6557
310.0691,-49.0475,-26.6625
310.3895,-49.3415,-26.6692
310.7098,-49.6448,-26.6756
311.0301,-49.9581,-26.6818
311.3504,-50.2822,-26.6877
311.6707,-50.6179,-26.6935
311.9910,-50.9662,-26.6990
312.3114,-51.3280,-26.7043
312.6317,-51.7047,-26.7094
312.9520,-52.0975,-26.7143
313.2723,-52.5079,-26.7189
313.5926,-52.9377,-26.7233
313.9130,-53.3890,-26.7275
314.2333,-53.8641,-26.7315
314.5536,-54.3657,-26.7353
314.8739,-54.8971,-26.7389
315.1942,-55.4622,-26.7422
315.5145,-56.0656,-26.7453
315.8349,-56.7132,-26.7482
316.1552,-57.4120,-26.7509
316.4755,-58.1710,-26.7534
316.7958,-59.0017,-26.7556
317.1161,-59.9194,-26.7577
317.4365,-60.9446,-26.7595
317.7568,-62.1062,-26.7611
318.0771,-63.4464,-26.7625
318.3974,-65.0307,-26.7637
318.7177,-66.9689,-26.7647
319.0380,-69.4665,-26.7654
319.3584,-72.9845,-26.7660
319.6787,-78.9921,-26.7663
319.9990,-129.1309,-26.7664
