phi,Ed_dB,Etot_dB
0.0010,-131.9452,-54.9058
0.1611,-87.8044,-10.7954
0.3212,-81.8108,-4.8925
0.4812,-78.2979,-1.5314
0.6413,-75.8035,0.7488
0.8014,-73.8678,2.4061
0.9615,-72.2858,3.6428
1.1216,-70.9479,4.5652
1.2816,-69.7887,5.2344
1.4417,-68.7661,5.6869
1.6018,-67.8512,5.9444
1.7619,-67.0234,6.0185
1.9219,-66.2676,5.9121
2.0820,-65.5723,5.6210
2.2421,-64.9284,5.1320
2.4022,-64.3288,4.4215
2.5623,-63.7679,3.4496
2.7223,-63.2409,2.1494
2.8824,-62.7439,0.4037
3.0425,-62.2737,-2.0168
3.2026,-61.8276,-5.6516
3.3627,-61.4032,-12.4001
3.5227,-60.9984,-26.5862
3.6828,-60.6116,-9.5623
3.8429,-60.2411,-4.2733
4.0030,-59.8857,-1.1337
4.1631,-59.5441,1.0291
4.3231,-59.2154,2.6115
4.4832,-58.8985,3.7950
4.6433,-58.5927,4.6765
4.8034,-58.2972,5.3125
4.9635,-58.0113,5.7369
5.1235,-57.7343,5.9698
5.2836,-57.4659,6.0213
5.4437,-57.2054,5.8939
5.6038,-56.9523,5.5822
5.7638,-56.7063,5.0726
5.9239,-56.4670,4.3403
6.0840,-56.2339,3.3440
6.2441,-56.0069,2.0145
6.4042,-55.7855,0.2296
6.5642,-55.5695,-2.2512
6.7243,-55.3587,-6.0040
6.8844,-55.1527,-13.1460
7.0445,-54.9514,-23.7360
7.2046,-54.7545,-9.1494
7.3646,-54.5619,-4.0788
7.5247,-54.3733,-1.0229
7.6848,-54.1887,1.0951
7.8449,-54.0078,2.6495
8.0050,-53.8304,3.8142
8.1650,-53.6565,4.6826
8.3251,-53.4859,5.3093
8.4852,-53.3185,5.7276
8.6453,-53.1541,5.9570
8.8053,-52.9926,6.0074
8.9654,-52.8340,5.8813
9.1255,-52.6782,5.5736
9.2856,-52.5249,5.0711
9.4457,-52.3742,4.3498
9.6057,-52.2260,3.3698
9.7658,-52.0801,2.0648
9.9259,-51.9365,0.3182
10.0860,-51.7952,-2.0965
10.2461,-51.6560,-5.7114
10.4061,-51.5188,-12.3814
10.5662,-51.3837,-27.5270
10.7263,-51.2506,-9.8015
10.8864,-51.1193,-4.4588
11.0465,-50.9899,-1.2957
11.2065,-50.8623,0.8839
11.3666,-50.7364,2.4817
11.5267,-50.6122,3.6814
11.6868,-50.4896,4.5811
11.8468,-50.3686,5.2379
12.0069,-50.2492,5.6867
12.1670,-50.1313,5.9484
12.3271,-50.0148,6.0343
12.4872,-49.8998,5.9482
12.6472,-49.7861,5.6871
12.8073,-49.6738,5.2402
12.9674,-49.5628,4.5876
13.1275,-49.4531,3.6959
13.2876,-49.3447,2.5102
13.4476,-49.2375,0.9367
13.6077,-49.1314,-1.1988
13.7678,-49.0266,-4.2719
13.9279,-48.9228,-9.3635
14.0880,-48.8202,-24.0604
14.2480,-48.7187,-13.3135
14.4081,-48.6182,-6.1949
14.5682,-48.5187,-2.4476
14.7283,-48.4203,0.0342
14.8884,-48.3228,1.8249
15.0484,-48.2264,3.1649
15.2085,-48.1308,4.1767
15.3686,-48.0362,4.9299
15.5287,-47.9425,5.4668
15.6887,-47.8496,5.8130
15.8488,-47.7577,5.9839
16.0089,-47.6665,5.9865
16.1690,-47.5762,5.8215
16.3291,-47.4868,5.4827
16.4891,-47.3981,4.9563
16.6492,-47.3102,4.2183
16.8093,-47.2230,3.2293
16.9694,-47.1366,1.9247
17.1295,-47.0509,0.1917
17.2895,-46.9660,-2.1868
17.4496,-46.8818,-5.7126
17.6097,-46.7982,-12.0719
17.7698,-46.7153,-32.1708
17.9299,-46.6331,-10.5408
18.0899,-46.5516,-4.9722
18.2500,-46.4706,-1.7193
18.4101,-46.3904,0.5160
18.5702,-46.3107,2.1582
18.7302,-46.2316,3.3991
18.8903,-46.1532,4.3406
19.0504,-46.0753,5.0423
19.2105,-45.9979,5.5410
19.3706,-45.9212,5.8593
19.5306,-45.8450,6.0106
19.6907,-45.7693,6.0010
19.8508,-45.6942,5.8308
20.0109,-45.6196,5.4938
20.1710,-45.5455,4.9771
20.3310,-45.4720,4.2582
20.4911,-45.3989,3.3007
20.6512,-45.3263,2.0456
20.8113,-45.2542,0.3916
20.9714,-45.1826,-1.8516
21.1314,-45.1114,-5.1047
21.2915,-45.0407,-10.6484
21.4516,-44.9704,-31.4169
21.6117,-44.9006,-12.3549
21.7717,-44.8312,-5.9536
21.9318,-44.7623,-2.4136
22.0919,-44.6937,-0.0244
22.2520,-44.6256,1.7206
22.4121,-44.5579,3.0406
22.5721,-44.4906,4.0497
22.7322,-44.4237,4.8139
22.8923,-44.3572,5.3737
23.0524,-44.2910,5.7547
23.2125,-44.2253,5.9725
23.3725,-44.1599,6.0357
23.5326,-44.0949,5.9473
23.6927,-44.0302,5.7045
23.8528,-43.9659,5.2991
24.0129,-43.9019,4.7156
24.1729,-43.8383,3.9289
24.3330,-43.7751,2.8988
24.4931,-43.7121,1.5599
24.6532,-43.6495,-0.2010
24.8133,-43.5872,-2.6010
24.9733,-43.5253,-6.1415
25.1334,-43.4636,-12.5051
25.2935,-43.4023,-32.8042
25.4536,-43.3412,-11.0077
25.6136,-43.2805,-5.4286
25.7737,-43.2201,-2.1634
25.9338,-43.1599,0.0889
26.0939,-43.1001,1.7539
26.2540,-43.0405,3.0240
26.4140,-42.9812,4.0018
26.5741,-42.9222,4.7478
26.7342,-42.8635,5.2996
26.8943,-42.8050,5.6814
27.0544,-42.7468,5.9082
27.2144,-42.6888,5.9885
27.3745,-42.6312,5.9258
27.5346,-42.5737,5.7184
27.6947,-42.5165,5.3600
27.8548,-42.4596,4.8381
28.0148,-42.4029,4.1322
28.1749,-42.3465,3.2103
28.3350,-42.2903,2.0213
28.4951,-42.2343,0.4804
28.6551,-42.1785,-1.5657
28.8152,-42.1230,-4.4339
28.9753,-42.0677,-8.9677
29.1354,-42.0126,-19.4301
29.2955,-41.9578,-16.8188
29.4555,-41.9031,-8.1253
29.6156,-41.8487,-3.9560
29.7757,-41.7945,-1.2526
29.9358,-41.7405,0.6963
30.0959,-41.6867,2.1722
30.2559,-41.6331,3.3148
30.4160,-41.5797,4.2031
30.5761,-41.5265,4.8853
30.7362,-41.4735,5.3924
30.8963,-41.4206,5.7446
31.0563,-41.3680,5.9545
31.2164,-41.3156,6.0296
31.3765,-41.2633,5.9730
31.5366,-41.2112,5.7834
31.6966,-41.1593,5.4556
31.8567,-41.1076,4.9794
32.0168,-41.0561,4.3381
32.1769,-41.0047,3.5061
32.3370,-40.9535,2.4433
32.4970,-40.9024,1.0857
32.6571,-40.8516,-0.6762
32.8172,-40.8009,-3.0503
32.9773,-40.7503,-6.5081
33.1374,-40.6999,-12.5744
33.2974,-40.6497,-39.8687
33.4575,-40.5996,-12.1782
33.6176,-40.5497,-6.3333
33.7777,-40.4999,-2.9587
33.9378,-40.4503,-0.6321
34.0978,-40.4008,1.0980
34.2579,-40.3515,2.4332
34.4180,-40.3023,3.4807
34.5781,-40.2533,4.3037
34.7382,-40.2044,4.9421
34.8982,-40.1556,5.4222
35.0583,-40.1070,5.7614
35.2184,-40.0585,5.9710
35.3785,-40.0102,6.0579
35.5385,-39.9619,6.0252
35.6986,-39.9138,5.8729
35.8587,-39.8659,5.5972
36.0188,-39.8180,5.1909
36.1789,-39.7703,4.6419
36.3389,-39.7227,3.9317
36.4990,-39.6752,3.0322
36.6591,-39.6279,1.9005
36.8192,-39.5807,0.4675
36.9793,-39.5335,-1.3859
37.1393,-39.4865,-3.8895
37.2994,-39.4397,-7.5827
37.4595,-39.3929,-14.3573
37.6196,-39.3462,-28.6302
37.7797,-39.2997,-11.5714
37.9397,-39.2532,-6.2491
38.0998,-39.2069,-3.0567
38.2599,-39.1606,-0.8181
38.4200,-39.1145,0.8655
38.5800,-39.0685,2.1776
38.7401,-39.0226,3.2179
38.9002,-38.9767,4.0458
39.0603,-38.9310,4.6996
39.2204,-38.8854,5.2045
39.3804,-38.8398,5.5780
39.5405,-38.7944,5.8315
39.7006,-38.7491,5.9729
39.8607,-38.7038,6.0064
40.0208,-38.6586,5.9337
40.1808,-38.6136,5.7538
40.3409,-38.5686,5.4628
40.5010,-38.5237,5.0539
40.6611,-38.4789,4.5162
40.8212,-38.4342,3.8336
40.9812,-38.3895,2.9821
41.1413,-38.3450,1.9259
41.3014,-38.3005,0.6090
41.4615,-38.2561,-1.0612
41.6216,-38.2118,-3.2532
41.7816,-38.1675,-6.3240
41.9417,-38.1234,-11.2726
42.1018,-38.0793,-24.2380
42.2619,-38.0353,-16.3601
42.4219,-37.9913,-8.8267
42.5820,-37.9475,-4.9233
42.7421,-37.9037,-2.3181
42.9022,-37.8599,-0.3992
43.0623,-37.8163,1.0866
43.2223,-37.7727,2.2681
43.3824,-37.7292,3.2200
43.5425,-37.6857,3.9889
43.7026,-37.6424,4.6057
43.8627,-37.5990,5.0914
44.0227,-37.5558,5.4609
44.1828,-37.5126,5.7245
44.3429,-37.4695,5.8893
44.5030,-37.4264,5.9596
44.6631,-37.3834,5.9379
44.8231,-37.3404,5.8244
44.9832,-37.2975,5.6174
45.1433,-37.2547,5.3132
45.3034,-37.2119,4.9055
45.4634,-37.1692,4.3849
45.6235,-37.1265,3.7379
45.7836,-37.0839,2.9449
45.9437,-37.0414,1.9776
46.1038,-36.9989,0.7931
46.2638,-36.9564,-0.6764
46.4239,-36.9140,-2.5463
46.5840,-36.8716,-5.0373
46.7441,-36.8293,-8.6578
46.9042,-36.7870,-15.1198
47.0642,-36.7448,-32.1697
47.2243,-36.7027,-13.3501
47.3844,-36.6605,-7.8190
47.5445,-36.6184,-4.5293
47.7046,-36.5764,-2.2174
47.8646,-36.5344,-0.4645
48.0247,-36.4925,0.9205
48.1848,-36.4505,2.0408
48.3449,-36.4087,2.9585
48.5049,-36.3668,3.7134
48.6650,-36.3250,4.3326
48.8251,-36.2833,4.8351
48.9852,-36.2416,5.2344
49.1453,-36.1999,5.5405
49.3053,-36.1582,5.7606
49.4654,-36.1166,5.8995
49.6255,-36.0750,5.9607
49.7856,-36.0335,5.9460
49.9457,-35.9920,5.8558
50.1057,-35.9505,5.6894
50.2658,-35.9090,5.4445
50.4259,-35.8676,5.1174
50.5860,-35.8262,4.7023
50.7461,-35.7849,4.1914
50.9061,-35.7435,3.5734
51.0662,-35.7022,2.8328
51.2263,-35.6610,1.9478
51.3864,-35.6197,0.8865
51.5465,-35.5785,-0.3991
51.7065,-35.5373,-1.9859
51.8666,-35.4961,-4.0079
52.0267,-35.4549,-6.7303
52.1868,-35.4138,-10.8062
52.3468,-35.3727,-18.8410
52.5069,-35.3316,-24.1547
52.6670,-35.2905,-12.5934
52.8271,-35.2495,-7.8400
52.9872,-35.2085,-4.8400
53.1472,-35.1674,-2.6719
53.3073,-35.1265,-0.9973
53.4674,-35.0855,0.3465
53.6275,-35.0445,1.4500
53.7876,-35.0036,2.3688
53.9476,-34.9626,3.1393
54.1077,-34.9217,3.7869
54.2678,-34.8808,4.3294
54.4279,-34.8400,4.7801
54.5880,-34.7991,5.1489
54.7480,-34.7582,5.4431
54.9081,-34.7174,5.6684
55.0682,-34.6765,5.8291
55.2283,-34.6357,5.9282
55.3883,-34.5949,5.9678
55.5484,-34.5541,5.9492
55.7085,-34.5133,5.8728
55.8686,-34.4725,5.7384
56.0287,-34.4317,5.5449
56.1887,-34.3909,5.2902
56.3488,-34.3501,4.9716
56.5089,-34.3094,4.5848
56.6690,-34.2686,4.1243
56.8291,-34.2278,3.5828
56.9891,-34.1871,2.9504
57.1492,-34.1463,2.2136
57.3093,-34.1056,1.3543
57.4694,-34.0648,0.3465
57.6295,-34.0241,-0.8474
57.7895,-33.9833,-2.2855
57.9496,-33.9426,-4.0630
58.1097,-33.9018,-6.3535
58.2698,-33.8611,-9.5261
58.4298,-33.8203,-14.6241
58.5899,-33.7796,-28.1384
58.7500,-33.7388,-18.9290
58.9101,-33.6981,-11.7151
59.0702,-33.6573,-7.8668
59.2302,-33.6165,-5.2542
59.3903,-33.5757,-3.2944
59.5504,-33.5350,-1.7424
59.7105,-33.4942,-0.4718
59.8706,-33.4534,0.5909
60.0306,-33.4126,1.4925
60.1907,-33.3717,2.2644
60.3508,-33.3309,2.9289
60.5109,-33.2901,3.5022
60.6710,-33.2492,3.9964
60.8310,-33.2084,4.4207
60.9911,-33.1675,4.7826
61.1512,-33.1266,5.0877
61.3113,-33.0857,5.3406
61.4714,-33.0448,5.5449
61.6314,-33.0039,5.7035
61.7915,-32.9630,5.8188
61.9516,-32.9220,5.8926
62.1117,-32.8811,5.9262
62.2717,-32.8401,5.9205
62.4318,-32.7991,5.8762
62.5919,-32.7581,5.7936
62.7520,-32.7171,5.6725
62.9121,-32.6760,5.5126
63.0721,-32.6349,5.3130
63.2322,-32.5939,5.0726
63.3923,-32.5527,4.7898
63.5524,-32.5116,4.4623
63.7125,-32.4705,4.0874
63.8725,-32.4293,3.6616
64.0326,-32.3881,3.1804
64.1927,-32.3469,2.6382
64.3528,-32.3056,2.0276
64.5129,-32.2644,1.3393
64.6729,-32.2231,0.5609
64.8330,-32.1818,-0.3244
64.9931,-32.1404,-1.3395
65.1532,-32.0991,-2.5173
65.3132,-32.0577,-3.9073
65.4733,-32.0162,-5.5882
65.6334,-31.9748,-7.6971
65.7935,-31.9333,-10.5051
65.9536,-31.8918,-14.6787
66.1136,-31.8502,-22.7639
66.2737,-31.8087,-25.7905
66.4338,-31.7671,-15.9123
66.5939,-31.7254,-11.3371
66.7540,-31.6838,-8.3814
66.9140,-31.6421,-6.2110
67.0741,-31.6003,-4.5070
67.2342,-31.5586,-3.1134
67.3943,-31.5167,-1.9425
67.5544,-31.4749,-0.9397
67.7144,-31.4330,-0.0691
67.8745,-31.3911,0.6945
68.0346,-31.3492,1.3694
68.1947,-31.3072,1.9690
68.3547,-31.2651,2.5040
68.5148,-31.2231,2.9825
68.6749,-31.1810,3.4110
68.8350,-31.1388,3.7949
68.9951,-31.0966,4.1384
69.1551,-31.0544,4.4453
69.3152,-31.0121,4.7185
69.4753,-30.9698,4.9605
69.6354,-30.9275,5.1737
69.7955,-30.8851,5.3597
69.9555,-30.8426,5.5203
70.1156,-30.8001,5.6567
70.2757,-30.7576,5.7702
70.4358,-30.7150,5.8618
70.5959,-30.6723,5.9322
70.7559,-30.6297,5.9823
70.9160,-30.5869,6.0128
71.0761,-30.5441,6.0240
71.2362,-30.5013,6.0165
71.3963,-30.4584,5.9905
71.5563,-30.4155,5.9464
71.7164,-30.3725,5.8843
71.8765,-30.3295,5.8044
72.0366,-30.2864,5.7067
72.1966,-30.2432,5.5910
72.3567,-30.2000,5.4574
72.5168,-30.1568,5.3056
72.6769,-30.1135,5.1354
72.8370,-30.0701,4.9463
72.9970,-30.0267,4.7379
73.1571,-29.9832,4.5097
73.3172,-29.9396,4.2609
73.4773,-29.8960,3.9909
73.6374,-29.8524,3.6985
73.7974,-29.8087,3.3828
73.9575,-29.7649,3.0424
74.1176,-29.7210,2.6757
74.2777,-29.6771,2.2811
74.4378,-29.6331,1.8562
74.5978,-29.5891,1.3988
74.7579,-29.5450,0.9056
74.9180,-29.5008,0.3731
75.0781,-29.4566,-0.2031
75.2381,-29.4123,-0.8283
75.3982,-29.3679,-1.5092
75.5583,-29.3235,-2.2543
75.7184,-29.2790,-3.0743
75.8785,-29.2344,-3.9833
76.0385,-29.1897,-5.0006
76.1986,-29.1450,-6.1525
76.3587,-29.1002,-7.4774
76.5188,-29.0553,-9.0337
76.6789,-29.0104,-10.9166
76.8389,-28.9653,-13.2970
76.9990,-28.9203,-16.5280
77.1591,-28.8751,-21.5183
77.3192,-28.8298,-30.2977
77.4793,-28.7845,-24.4920
77.6393,-28.7391,-18.3783
77.7994,-28.6936,-14.7593
77.9595,-28.6480,-12.2336
78.1196,-28.6024,-10.3085
78.2797,-28.5566,-8.7625
78.4397,-28.5108,-7.4775
78.5998,-28.4649,-6.3836
78.7599,-28.4189,-5.4356
78.9200,-28.3729,-4.6031
79.0800,-28.3267,-3.8642
79.2401,-28.2804,-3.2028
79.4002,-28.2341,-2.6067
79.5603,-28.1877,-2.0664
79.7204,-28.1412,-1.5744
79.8804,-28.0946,-1.1245
80.0405,-28.0479,-0.7117
80.2006,-28.0011,-0.3318
80.3607,-27.9542,0.0187
80.5208,-27.9072,0.3430
80.6808,-27.8601,0.6436
80.8409,-27.8129,0.9228
81.0010,-27.7657,1.1826
81.1611,-27.7183,1.4249
81.3212,-27.6708,1.6512
81.4812,-27.6232,1.8629
81.6413,-27.5756,2.0613
81.8014,-27.5278,2.2477
81.9615,-27.4799,2.4230
82.1215,-27.4319,2.5884
82.2816,-27.3838,2.7446
82.4417,-27.3356,2.8925
82.6018,-27.2873,3.0328
82.7619,-27.2389,3.1662
82.9219,-27.1904,3.2935
83.0820,-27.1417,3.4150
83.2421,-27.0930,3.5315
83.4022,-27.0441,3.6432
83.5623,-26.9951,3.7508
83.7223,-26.9460,3.8545
83.8824,-26.8968,3.9546
84.0425,-26.8475,4.0515
84.2026,-26.7980,4.1455
84.3627,-26.7485,4.2367
84.5227,-26.6988,4.3253
84.6828,-26.6490,4.4114
84.8429,-26.5990,4.4952
85.0030,-26.5489,4.5767
85.1630,-26.4988,4.6560
85.3231,-26.4484,4.7331
85.4832,-26.3980,4.8080
85.6433,-26.3474,4.8807
85.8034,-26.2967,4.9511
85.9634,-26.2459,5.0191
86.1235,-26.1949,5.0848
86.2836,-26.1438,5.1481
86.4437,-26.0925,5.2087
86.6038,-26.0411,5.2667
86.7638,-25.9896,5.3220
86.9239,-25.9380,5.3744
87.0840,-25.8861,5.4238
87.2441,-25.8342,5.4702
87.4042,-25.7821,5.5134
87.5642,-25.7299,5.5534
87.7243,-25.6775,5.5901
87.8844,-25.6249,5.6234
88.0445,-25.5722,5.6532
88.2046,-25.5194,5.6795
88.3646,-25.4664,5.7021
88.5247,-25.4132,5.7212
88.6848,-25.3599,5.7366
88.8449,-25.3065,5.7483
89.0049,-25.2528,5.7563
89.1650,-25.1990,5.7607
89.3251,-25.1451,5.7614
89.4852,-25.0910,5.7585
89.6453,-25.0367,5.7520
89.8053,-24.9822,5.7420
89.9654,-24.9276,5.7286
90.1255,-24.8728,5.7119
90.2856,-24.8178,5.6920
90.4457,-24.7627,5.6690
90.6057,-24.7073,5.6430
90.7658,-24.6518,5.6142
90.9259,-24.5961,5.5828
91.0860,-24.5403,5.5490
91.2461,-24.4842,5.5129
91.4061,-24.4280,5.4747
91.5662,-24.3715,5.4347
91.7263,-24.3149,5.3931
91.8864,-24.2581,5.3500
92.0464,-24.2011,5.3058
92.2065,-24.1439,5.2607
92.3666,-24.0864,5.2149
92.5267,-24.0288,5.1686
92.6868,-23.9710,5.1220
92.8468,-23.9130,5.0754
93.0069,-23.8548,5.0289
93.1670,-23.7963,4.9827
93.3271,-23.7377,4.9369
93.4872,-23.6788,4.8917
93.6472,-23.6197,4.8471
93.8073,-23.5604,4.8032
93.9674,-23.5009,4.7599
94.1275,-23.4412,4.7174
94.2876,-23.3812,4.6753
94.4476,-23.3210,4.6337
94.6077,-23.2605,4.5924
94.7678,-23.1999,4.5512
94.9279,-23.1389,4.5098
95.0879,-23.0778,4.4678
95.2480,-23.0164,4.4250
95.4081,-22.9548,4.3810
95.5682,-22.8929,4.3353
95.7283,-22.8307,4.2874
95.8883,-22.7683,4.2369
96.0484,-22.7057,4.1831
96.2085,-22.6428,4.1256
96.3686,-22.5796,4.0636
96.5287,-22.5162,3.9966
96.6887,-22.4524,3.9239
96.8488,-22.3885,3.8448
97.0089,-22.3242,3.7586
97.1690,-22.2597,3.6645
97.3291,-22.1948,3.5617
97.4891,-22.1297,3.4493
97.6492,-22.0643,3.3266
97.8093,-21.9986,3.1927
97.9694,-21.9326,3.0464
98.1295,-21.8664,2.8869
98.2895,-21.7998,2.7130
98.4496,-21.7329,2.5236
98.6097,-21.6656,2.3173
98.7698,-21.5981,2.0928
98.9298,-21.5303,1.8486
99.0899,-21.4621,1.5828
99.2500,-21.3936,1.2936
99.4101,-21.3248,0.9789
99.5702,-21.2556,0.6361
99.7302,-21.1861,0.2624
99.8903,-21.1162,-0.1455
100.0504,-21.0460,-0.5916
100.2105,-20.9754,-1.0805
100.3706,-20.9045,-1.6178
100.5306,-20.8332,-2.2107
100.6907,-20.7616,-2.8676
100.8508,-20.6896,-3.5995
101.0109,-20.6171,-4.4209
101.1710,-20.5444,-5.3506
101.3310,-20.4712,-6.4147
101.4911,-20.3976,-7.6499
101.6512,-20.3236,-9.1103
101.8113,-20.2492,-10.8793
101.9713,-20.1744,-13.0895
102.1314,-20.0992,-15.9439
102.2915,-20.0236,-19.5512
102.4516,-19.9475,-21.9877
102.6117,-19.8710,-19.4343
102.7717,-19.7941,-15.7786
102.9318,-19.7167,-12.8799
103.0919,-19.6388,-10.6220
103.2520,-19.5605,-8.8029
103.4121,-19.4817,-7.2909
103.5721,-19.4025,-6.0036
103.7322,-19.3227,-4.8872
103.8923,-19.2425,-3.9052
104.0524,-19.1618,-3.0318
104.2125,-19.0805,-2.2482
104.3725,-18.9988,-1.5403
104.5326,-18.9165,-0.8971
104.6927,-18.8337,-0.3103
104.8528,-18.7503,0.2272
105.0128,-18.6664,0.7207
105.1729,-18.5820,1.1749
105.3330,-18.4970,1.5935
105.4931,-18.4114,1.9797
105.6532,-18.3252,2.3363
105.8132,-18.2384,2.6656
105.9733,-18.1511,2.9695
106.1334,-18.0631,3.2497
106.2935,-17.9744,3.5079
106.4536,-17.8852,3.7453
106.6136,-17.7953,3.9631
106.7737,-17.7047,4.1623
106.9338,-17.6135,4.3439
107.0939,-17.5216,4.5085
107.2540,-17.4290,4.6569
107.4140,-17.3357,4.7897
107.5741,-17.2416,4.9074
107.7342,-17.1468,5.0104
107.8943,-17.0513,5.0992
108.0544,-16.9550,5.1740
108.2144,-16.8580,5.2350
108.3745,-16.7601,5.2823
108.5346,-16.6615,5.3161
108.6947,-16.5620,5.3364
108.8547,-16.4617,5.3431
109.0148,-16.3605,5.3360
109.1749,-16.2585,5.3149
109.3350,-16.1555,5.2794
109.4951,-16.0517,5.2293
109.6551,-15.9469,5.1639
109.8152,-15.8412,5.0826
109.9753,-15.7345,4.9847
110.1354,-15.6268,4.8694
110.2955,-15.5181,4.7356
110.4555,-15.4084,4.5822
110.6156,-15.2977,4.4078
110.7757,-15.1858,4.2108
110.9358,-15.0728,3.9894
111.0959,-14.9588,3.7415
111.2559,-14.8435,3.4647
111.4160,-14.7271,3.1559
111.5761,-14.6095,2.8120
111.7362,-14.4906,2.4287
111.8962,-14.3705,2.0013
112.0563,-14.2491,1.5237
112.2164,-14.1263,0.9888
112.3765,-14.0022,0.3872
112.5366,-13.8766,-0.2927
112.6966,-13.7497,-1.0664
112.8567,-13.6212,-1.9546
113.0168,-13.4913,-2.9862
113.1769,-13.3598,-4.2033
113.3370,-13.2267,-5.6706
113.4970,-13.0919,-7.4951
113.6571,-12.9555,-9.8723
113.8172,-12.8173,-13.2172
113.9773,-12.6774,-18.6059
114.1374,-12.5356,-25.4981
114.2974,-12.3919,-17.9439
114.4575,-12.2463,-12.6355
114.6176,-12.0987,-9.2485
114.7777,-11.9490,-6.7863
114.9378,-11.7971,-4.8596
115.0978,-11.6431,-3.2828
115.2579,-11.4868,-1.9537
115.4180,-11.3281,-0.8103
115.5781,-11.1670,0.1875
115.7381,-11.0034,1.0674
115.8982,-10.8372,1.8490
116.0583,-10.6683,2.5467
116.2184,-10.4966,3.1715
116.3785,-10.3220,3.7317
116.5385,-10.1444,4.2338
116.6986,-9.9638,4.6830
116.8587,-9.7798,5.0832
117.0188,-9.5925,5.4378
117.1789,-9.4017,5.7492
117.3389,-9.2073,6.0196
117.4990,-9.0090,6.2503
117.6591,-8.8068,6.4426
117.8192,-8.6005,6.5972
117.9793,-8.3898,6.7146
118.1393,-8.1747,6.7949
118.2994,-7.9547,6.8380
118.4595,-7.7298,6.8435
118.6196,-7.4997,6.8106
118.7796,-7.2642,6.7382
118.9397,-7.0228,6.6250
119.0998,-6.7754,6.4691
119.2599,-6.5216,6.2683
119.4200,-6.2611,6.0199
119.5800,-5.9933,5.7205
119.7401,-5.7180,5.3662
119.9002,-5.4346,4.9520
120.0603,-5.1427,4.4723
120.2204,-4.8416,3.9205
120.3804,-4.5308,3.2888
120.5405,-4.2095,2.5689
120.7006,-3.8770,1.7532
120.8607,-3.5325,0.8373
121.0208,-3.1749,-0.1727
121.1808,-2.8033,-1.2445
121.3409,-2.4164,-2.2883
121.5010,-2.0129,-3.1172
121.6611,-1.5911,-3.4582
121.8211,-1.1494,-3.1192
121.9812,-0.6855,-2.1799
122.1413,-0.1973,-0.9048
122.3014,0.3183,0.4748
122.4615,0.8645,1.8332
122.6215,1.4453,3.1210
122.7816,2.0656,4.3272
122.9417,2.7312,5.4579
123.1018,3.4495,6.5260
123.2619,4.2298,7.5479
123.4219,5.0841,8.5420
123.5820,6.0283,9.5297
123.7421,7.0839,10.5366
123.9022,8.2813,11.5961
124.0623,9.6654,12.7549
124.2223,11.3063,14.0840
124.3824,13.3234,15.7022
124.5425,15.9445,17.8367
124.7026,19.7000,21.0158
124.8627,26.4263,27.0741
125.0227,42.0661,42.0008
125.1828,23.9733,23.4127
125.3429,18.5254,17.4299
125.5030,15.2128,13.5918
125.6630,12.8280,10.7659
125.8231,10.9648,8.6419
125.9832,9.4364,7.1216
126.1433,8.1415,6.1418
126.3034,7.0185,5.6060
126.4634,6.0276,5.3879
126.6235,5.1412,5.3663
126.7836,4.3397,5.4482
126.9437,3.6085,5.5718
127.1038,2.9364,5.6995
127.2638,2.3147,5.8093
127.4239,1.7366,5.8890
127.5840,1.1965,5.9318
127.7441,0.6897,5.9338
127.9042,0.2126,5.8929
128.0642,-0.2380,5.8077
128.2243,-0.6650,5.6770
128.3844,-1.0704,5.5000
128.5445,-1.4564,5.2753
128.7045,-1.8247,5.0014
128.8646,-2.1767,4.6764
129.0247,-2.5138,4.2981
129.1848,-2.8371,3.8634
129.3449,-3.1477,3.3691
129.5049,-3.4465,2.8112
129.6650,-3.7343,2.1852
129.8251,-4.0118,1.4863
129.9852,-4.2798,0.7100
130.1453,-4.5388,-0.1470
130.3053,-4.7894,-1.0841
130.4654,-5.0320,-2.0921
130.6255,-5.2672,-3.1437
130.7856,-5.4954,-4.1782
130.9457,-5.7168,-5.0840
131.1057,-5.9320,-5.7011
131.2658,-6.1412,-5.8820
131.4259,-6.3447,-5.5939
131.5860,-6.5428,-4.9469
131.7460,-6.7357,-4.1076
131.9061,-6.9237,-3.2111
132.0662,-7.1071,-2.3382
132.2263,-7.2860,-1.5284
132.3864,-7.4606,-0.7971
132.5464,-7.6311,-0.1482
132.7065,-7.7977,0.4205
132.8666,-7.9605,0.9128
133.0267,-8.1197,1.3335
133.1868,-8.2755,1.6871
133.3468,-8.4279,1.9776
133.5069,-8.5771,2.2088
133.6670,-8.7232,2.3834
133.8271,-8.8664,2.5042
133.9872,-9.0066,2.5730
134.1472,-9.1441,2.5916
134.3073,-9.2789,2.5612
134.4674,-9.4112,2.4828
134.6275,-9.5409,2.3573
134.7876,-9.6682,2.1854
134.9476,-9.7932,1.9677
135.1077,-9.9159,1.7050
135.2678,-10.0365,1.3984
135.4279,-10.1549,1.0498
135.5879,-10.2712,0.6618
135.7480,-10.3855,0.2389
135.9081,-10.4979,-0.2122
136.0682,-10.6084,-0.6817
136.2283,-10.7171,-1.1550
136.3883,-10.8240,-1.6127
136.5484,-10.9292,-2.0297
136.7085,-11.0327,-2.3769
136.8686,-11.1345,-2.6251
137.0287,-11.2348,-2.7508
137.1887,-11.3334,-2.7425
137.3488,-11.4306,-2.6044
137.5089,-11.5263,-2.3550
137.6690,-11.6206,-2.0215
137.8291,-11.7134,-1.6337
137.9891,-11.8049,-1.2186
138.1492,-11.8951,-0.7982
138.3093,-11.9839,-0.3889
138.4694,-12.0715,-0.0024
138.6294,-12.1578,0.3534
138.7895,-12.2430,0.6736
138.9496,-12.3269,0.9550
139.1097,-12.4097,1.1960
139.2698,-12.4913,1.3957
139.4298,-12.5718,1.5538
139.5899,-12.6513,1.6704
139.7500,-12.7296,1.7457
139.9101,-12.8070,1.7802
140.0702,-12.8833,1.7745
140.2302,-12.9586,1.7290
140.3903,-13.0329,1.6446
140.5504,-13.1063,1.5222
140.7105,-13.1788,1.3628
140.8706,-13.2503,1.1679
141.0306,-13.3209,0.9397
141.1907,-13.3907,0.6808
141.3508,-13.4595,0.3951
141.5109,-13.5276,0.0877
141.6709,-13.5947,-0.2345
141.8310,-13.6611,-0.5625
141.9911,-13.7267,-0.8850
142.1512,-13.7914,-1.1884
142.3113,-13.8554,-1.4574
142.4713,-13.9187,-1.6758
142.6314,-13.9812,-1.8291
142.7915,-14.0429,-1.9061
142.9516,-14.1039,-1.9017
143.1117,-14.1643,-1.8174
143.2717,-14.2239,-1.6612
143.4318,-14.2828,-1.4462
143.5919,-14.3411,-1.1878
143.7520,-14.3987,-0.9017
143.9121,-14.4556,-0.6024
144.0721,-14.5119,-0.3023
144.2322,-14.5676,-0.0114
144.3923,-14.6226,0.2626
144.5524,-14.6771,0.5140
144.7125,-14.7309,0.7385
144.8725,-14.7841,0.9332
145.0326,-14.8368,1.0961
145.1927,-14.8889,1.2260
145.3528,-14.9404,1.3219
145.5128,-14.9913,1.3836
145.6729,-15.0417,1.4108
145.8330,-15.0916,1.4039
145.9931,-15.1409,1.3631
146.1532,-15.1897,1.2892
146.3132,-15.2380,1.1832
146.4733,-15.2858,1.0462
146.6334,-15.3330,0.8801
146.7935,-15.3798,0.6873
146.9536,-15.4261,0.4709
147.1136,-15.4719,0.2347
147.2737,-15.5172,-0.0159
147.4338,-15.5620,-0.2744
147.5939,-15.6064,-0.5331
147.7540,-15.6503,-0.7824
147.9140,-15.6938,-1.0119
148.0741,-15.7368,-1.2103
148.2342,-15.7794,-1.3669
148.3943,-15.8215,-1.4721
148.5543,-15.8632,-1.5196
148.7144,-15.9045,-1.5065
148.8745,-15.9454,-1.4344
149.0346,-15.9859,-1.3090
149.1947,-16.0259,-1.1388
149.3547,-16.0656,-0.9345
149.5148,-16.1048,-0.7069
149.6749,-16.1437,-0.4669
149.8350,-16.1821,-0.2238
149.9951,-16.2202,0.0142
150.1551,-16.2579,0.2404
150.3152,-16.2952,0.4496
150.4753,-16.3322,0.6378
150.6354,-16.3687,0.8018
150.7955,-16.4050,0.9396
150.9555,-16.4408,1.0494
151.1156,-16.4763,1.1303
151.2757,-16.5115,1.1816
151.4358,-16.5463,1.2031
151.5959,-16.5807,1.1947
151.7559,-16.6148,1.1569
151.9160,-16.6486,1.0902
152.0761,-16.6821,0.9957
152.2362,-16.7152,0.8745
152.3962,-16.7480,0.7287
152.5563,-16.7804,0.5604
152.7164,-16.8126,0.3728
152.8765,-16.8444,0.1695
153.0366,-16.8759,-0.0445
153.1966,-16.9072,-0.2636
153.3567,-16.9381,-0.4810
153.5168,-16.9687,-0.6890
153.6769,-16.9990,-0.8791
153.8370,-17.0290,-1.0426
153.9970,-17.0587,-1.1714
154.1571,-17.0881,-1.2585
154.3172,-17.1172,-1.2991
154.4773,-17.1460,-1.2909
154.6374,-17.1746,-1.2350
154.7974,-17.2029,-1.1351
154.9575,-17.2309,-0.9974
155.1176,-17.2586,-0.8297
155.2777,-17.2860,-0.6404
155.4377,-17.3132,-0.4379
155.5978,-17.3401,-0.2301
155.7579,-17.3667,-0.0240
155.9180,-17.3931,0.1744
156.0781,-17.4192,0.3602
156.2381,-17.4450,0.5296
156.3982,-17.4706,0.6793
156.5583,-17.4960,0.8071
156.7184,-17.5210,0.9111
156.8785,-17.5459,0.9903
157.0385,-17.5704,1.0437
157.1986,-17.5948,1.0708
157.3587,-17.6189,1.0717
157.5188,-17.6427,1.0464
157.6789,-17.6663,0.9954
157.8389,-17.6897,0.9195
157.9990,-17.7128,0.8199
158.1591,-17.7357,0.6980
158.3192,-17.7583,0.5559
158.4792,-17.7808,0.3961
158.6393,-17.8029,0.2218
158.7994,-17.8249,0.0367
158.9595,-17.8467,-0.1544
159.1196,-17.8682,-0.3462
159.2796,-17.8894,-0.5325
159.4397,-17.9105,-0.7066
159.5998,-17.9314,-0.8615
159.7599,-17.9520,-0.9904
159.9200,-17.9724,-1.0872
160.0800,-17.9926,-1.1470
160.2401,-18.0126,-1.1668
160.4002,-18.0323,-1.1458
160.5603,-18.0519,-1.0855
160.7204,-18.0712,-0.9893
160.8804,-18.0904,-0.8626
161.0405,-18.1093,-0.7115
161.2006,-18.1280,-0.5430
161.3607,-18.1465,-0.3637
161.5208,-18.1648,-0.1802
161.6808,-18.1830,0.0019
161.8409,-18.2009,0.1775
162.0010,-18.2186,0.3425
162.1611,-18.2361,0.4934
162.3211,-18.2534,0.6275
162.4812,-18.2705,0.7426
162.6413,-18.2875,0.8371
162.8014,-18.3042,0.9097
162.9615,-18.3207,0.9597
163.1215,-18.3371,0.9867
163.2816,-18.3532,0.9903
163.4417,-18.3692,0.9708
163.6018,-18.3850,0.9285
163.7619,-18.4006,0.8640
163.9219,-18.4160,0.7784
164.0820,-18.4312,0.6729
164.2421,-18.4463,0.5492
164.4022,-18.4611,0.4094
164.5623,-18.4758,0.2562
164.7223,-18.4903,0.0927
164.8824,-18.5046,-0.0773
165.0425,-18.5187,-0.2496
165.2026,-18.5327,-0.4191
165.3626,-18.5465,-0.5805
165.5227,-18.5601,-0.7280
165.6828,-18.5735,-0.8561
165.8429,-18.5868,-0.9594
166.0030,-18.5998,-1.0333
166.1630,-18.6127,-1.0744
166.3231,-18.6255,-1.0810
166.4832,-18.6380,-1.0529
166.6433,-18.6504,-0.9917
166.8034,-18.6627,-0.9007
166.9634,-18.6747,-0.7840
167.1235,-18.6866,-0.6470
167.2836,-18.6983,-0.4952
167.4437,-18.7099,-0.3340
167.6038,-18.7212,-0.1688
167.7638,-18.7325,-0.0044
167.9239,-18.7435,0.1550
168.0840,-18.7544,0.3058
168.2441,-18.7651,0.4450
168.4041,-18.7757,0.5700
168.5642,-18.7861,0.6789
168.7243,-18.7963,0.7701
168.8844,-18.8064,0.8426
169.0445,-18.8163,0.8954
169.2045,-18.8261,0.9280
169.3646,-18.8357,0.9402
169.5247,-18.8451,0.9319
169.6848,-18.8544,0.9034
169.8449,-18.8635,0.8552
170.0049,-18.8725,0.7878
170.1650,-18.8813,0.7023
170.3251,-18.8900,0.5999
170.4852,-18.8985,0.4823
170.6453,-18.9068,0.3512
170.8053,-18.9150,0.2092
170.9654,-18.9230,0.0590
171.1255,-18.9309,-0.0962
171.2856,-18.9387,-0.2527
171.4457,-18.9462,-0.4063
171.6057,-18.9537,-0.5527
171.7658,-18.9609,-0.6871
171.9259,-18.9681,-0.8050
172.0860,-18.9750,-0.9020
172.2460,-18.9819,-0.9743
172.4061,-18.9885,-1.0190
172.5662,-18.9951,-1.0343
172.7263,-19.0014,-1.0198
172.8864,-19.0077,-0.9762
173.0464,-19.0137,-0.9056
173.2065,-19.0197,-0.8111
173.3666,-19.0254,-0.6965
173.5267,-19.0311,-0.5663
173.6868,-19.0366,-0.4248
173.8468,-19.0419,-0.2766
174.0069,-19.0471,-0.1258
174.1670,-19.0521,0.0236
174.3271,-19.0570,0.1685
174.4872,-19.0618,0.3057
174.6472,-19.0664,0.4328
174.8073,-19.0709,0.5478
174.9674,-19.0752,0.6490
175.1275,-19.0794,0.7350
175.2875,-19.0834,0.8050
175.4476,-19.0873,0.8580
175.6077,-19.0910,0.8937
175.7678,-19.0946,0.9117
175.9279,-19.0981,0.9119
176.0879,-19.1014,0.8945
176.2480,-19.1045,0.8597
176.4081,-19.1076,0.8080
176.5682,-19.1104,0.7400
176.7283,-19.1132,0.6567
176.8883,-19.1158,0.5592
177.0484,-19.1182,0.4488
177.2085,-19.1206,0.3273
177.3686,-19.1227,0.1965
177.5287,-19.1248,0.0587
177.6887,-19.1266,-0.0834
177.8488,-19.1284,-0.2269
178.0089,-19.1300,-0.3684
178.1690,-19.1315,-0.5045
178.3291,-19.1328,-0.6315
178.4891,-19.1340,-0.7457
178.6492,-19.1350,-0.8435
178.8093,-19.1359,-0.9217
178.9694,-19.1367,-0.9776
179.1294,-19.1373,-1.0093
179.2895,-19.1378,-1.0157
179.4496,-19.1381,-0.9967
179.6097,-19.1383,-0.9531
179.7698,-19.1384,-0.8868
179.9298,-19.1383,-0.8003
180.0899,-19.1380,-0.6965
180.2500,-19.1377,-0.5789
180.4101,-19.1372,-0.4510
180.5702,-19.1365,-0.3165
180.7302,-19.1357,-0.1786
180.8903,-19.1348,-0.0406
181.0504,-19.1337,0.0949
181.2105,-19.1325,0.2252
181.3706,-19.1312,0.3481
181.5306,-19.1297,0.4620
181.6907,-19.1281,0.5652
181.8508,-19.1263,0.6565
182.0109,-19.1244,0.7348
182.1709,-19.1223,0.7995
182.3310,-19.1201,0.8499
182.4911,-19.1178,0.8857
182.6512,-19.1153,0.9065
182.8113,-19.1127,0.9122
182.9713,-19.1099,0.9030
183.1314,-19.1070,0.8790
183.2915,-19.1040,0.8405
183.4516,-19.1008,0.7878
183.6117,-19.0975,0.7217
183.7717,-19.0940,0.6428
183.9318,-19.0904,0.5521
184.0919,-19.0866,0.4506
184.2520,-19.0827,0.3396
184.4121,-19.0787,0.2206
184.5721,-19.0745,0.0953
184.7322,-19.0702,-0.0343
184.8923,-19.0657,-0.1661
185.0524,-19.0611,-0.2976
185.2124,-19.0563,-0.4262
185.3725,-19.0514,-0.5493
185.5326,-19.0463,-0.6639
185.6927,-19.0412,-0.7672
185.8528,-19.0358,-0.8565
186.0128,-19.0303,-0.9295
186.1729,-19.0247,-0.9840
186.3330,-19.0189,-1.0185
186.4931,-19.0130,-1.0320
186.6532,-19.0069,-1.0242
186.8132,-19.0007,-0.9955
186.9733,-18.9944,-0.9468
187.1334,-18.9878,-0.8799
187.2935,-18.9812,-0.7967
187.4536,-18.9744,-0.6996
187.6136,-18.9674,-0.5913
187.7737,-18.9603,-0.4744
187.9338,-18.9531,-0.3516
188.0939,-18.9457,-0.2254
188.2540,-18.9381,-0.0983
188.4140,-18.9304,0.0276
188.5741,-18.9226,0.1503
188.7342,-18.9146,0.2680
188.8943,-18.9064,0.3793
189.0543,-18.8981,0.4829
189.2144,-18.8896,0.5777
189.3745,-18.8810,0.6627
189.5346,-18.8723,0.7373
189.6947,-18.8633,0.8009
189.8547,-18.8543,0.8531
190.0148,-18.8450,0.8934
190.1749,-18.8357,0.9218
190.3350,-18.8261,0.9380
190.4951,-18.8164,0.9420
190.6551,-18.8066,0.9339
190.8152,-18.7966,0.9138
190.9753,-18.7864,0.8820
191.1354,-18.7761,0.8387
191.2955,-18.7656,0.7842
191.4555,-18.7549,0.7192
191.6156,-18.7441,0.6440
191.7757,-18.7332,0.5595
191.9358,-18.7220,0.4664
192.0958,-18.7107,0.3655
192.2559,-18.6993,0.2579
192.4160,-18.6877,0.1448
192.5761,-18.6759,0.0275
192.7362,-18.6639,-0.0926
192.8962,-18.6518,-0.2138
193.0563,-18.6395,-0.3345
193.2164,-18.6271,-0.4528
193.3765,-18.6145,-0.5668
193.5366,-18.6017,-0.6744
193.6966,-18.5888,-0.7736
193.8567,-18.5756,-0.8626
194.0168,-18.5624,-0.9395
194.1769,-18.5489,-1.0026
194.3370,-18.5353,-1.0506
194.4970,-18.5214,-1.0824
194.6571,-18.5075,-1.0974
194.8172,-18.4933,-1.0953
194.9773,-18.4790,-1.0763
195.1373,-18.4645,-1.0409
195.2974,-18.4498,-0.9900
195.4575,-18.4349,-0.9250
195.6176,-18.4199,-0.8474
195.7777,-18.4047,-0.7588
195.9377,-18.3893,-0.6611
196.0978,-18.3737,-0.5561
196.2579,-18.3579,-0.4458
196.4180,-18.3420,-0.3317
196.5781,-18.3258,-0.2158
196.7381,-18.3095,-0.0995
196.8982,-18.2930,0.0157
197.0583,-18.2763,0.1285
197.2184,-18.2594,0.2378
197.3785,-18.2423,0.3425
197.5385,-18.2250,0.4418
197.6986,-18.2076,0.5349
197.8587,-18.1899,0.6211
198.0188,-18.1721,0.6999
198.1789,-18.1540,0.7709
198.3389,-18.1358,0.8338
198.4990,-18.1173,0.8881
198.6591,-18.0987,0.9338
198.8192,-18.0798,0.9706
198.9792,-18.0608,0.9984
199.1393,-18.0415,1.0172
199.2994,-18.0221,1.0270
199.4595,-18.0024,1.0277
199.6196,-17.9826,1.0195
199.7796,-17.9625,1.0024
199.9397,-17.9422,0.9767
200.0998,-17.9217,0.9424
200.2599,-17.9010,0.8997
200.4200,-17.8800,0.8490
200.5800,-17.8589,0.7905
200.7401,-17.8375,0.7245
200.9002,-17.8159,0.6515
201.0603,-17.7941,0.5718
201.2204,-17.7721,0.4859
201.3804,-17.7498,0.3944
201.5405,-17.7274,0.2978
201.7006,-17.7046,0.1969
201.8607,-17.6817,0.0922
202.0207,-17.6585,-0.0152
202.1808,-17.6351,-0.1247
202.3409,-17.6115,-0.2353
202.5010,-17.5876,-0.3459
202.6611,-17.5635,-0.4555
202.8211,-17.5392,-0.5630
202.9812,-17.5146,-0.6671
203.1413,-17.4897,-0.7668
203.3014,-17.4646,-0.8608
203.4615,-17.4393,-0.9479
203.6215,-17.4137,-1.0270
203.7816,-17.3879,-1.0970
203.9417,-17.3618,-1.1570
204.1018,-17.3354,-1.2059
204.2619,-17.3088,-1.2433
204.4219,-17.2819,-1.2685
204.5820,-17.2548,-1.2813
204.7421,-17.2274,-1.2815
204.9022,-17.1997,-1.2692
205.0622,-17.1718,-1.2448
205.2223,-17.1436,-1.2086
205.3824,-17.1151,-1.1613
205.5425,-17.0863,-1.1038
205.7026,-17.0572,-1.0370
205.8626,-17.0279,-0.9617
206.0227,-16.9983,-0.8792
206.1828,-16.9684,-0.7904
206.3429,-16.9382,-0.6964
206.5030,-16.9077,-0.5982
206.6630,-16.8769,-0.4970
206.8231,-16.8458,-0.3937
206.9832,-16.8144,-0.2891
207.1433,-16.7826,-0.1842
207.3034,-16.7506,-0.0797
207.4634,-16.7183,0.0238
207.6235,-16.6856,0.1254
207.7836,-16.6527,0.2248
207.9437,-16.6194,0.3213
208.1038,-16.5858,0.4146
208.2638,-16.5518,0.5043
208.4239,-16.5175,0.5899
208.5840,-16.4829,0.6714
208.7441,-16.4480,0.7483
208.9041,-16.4127,0.8204
209.0642,-16.3770,0.8878
209.2243,-16.3410,0.9501
209.3844,-16.3046,1.0072
209.5445,-16.2679,1.0592
209.7045,-16.2308,1.1059
209.8646,-16.1934,1.1472
210.0247,-16.1556,1.1832
210.1848,-16.1174,1.2139
210.3449,-16.0788,1.2392
210.5049,-16.0398,1.2591
210.6650,-16.0005,1.2738
210.8251,-15.9607,1.2831
210.9852,-15.9205,1.2872
211.1453,-15.8800,1.2861
211.3053,-15.8390,1.2798
211.4654,-15.7976,1.2685
211.6255,-15.7558,1.2521
211.7856,-15.7136,1.2309
211.9456,-15.6709,1.2047
212.1057,-15.6278,1.1738
212.2658,-15.5843,1.1383
212.4259,-15.5403,1.0981
212.5860,-15.4958,1.0535
212.7460,-15.4509,1.0045
212.9061,-15.4055,0.9512
213.0662,-15.3597,0.8939
213.2263,-15.3134,0.8325
213.3864,-15.2665,0.7673
213.5464,-15.2192,0.6983
213.7065,-15.1714,0.6258
213.8666,-15.1231,0.5498
214.0267,-15.0743,0.4706
214.1868,-15.0249,0.3884
214.3468,-14.9750,0.3033
214.5069,-14.9246,0.2155
214.6670,-14.8736,0.1252
214.8271,-14.8221,0.0327
214.9872,-14.7700,-0.0617
215.1472,-14.7173,-0.1579
215.3073,-14.6641,-0.2556
215.4674,-14.6103,-0.3545
215.6275,-14.5558,-0.4543
215.7875,-14.5008,-0.5546
215.9476,-14.4451,-0.6553
216.1077,-14.3889,-0.7558
216.2678,-14.3319,-0.8559
216.4279,-14.2744,-0.9552
216.5879,-14.2161,-1.0533
216.7480,-14.1572,-1.1499
216.9081,-14.0976,-1.2445
217.0682,-14.0374,-1.3367
217.2283,-13.9764,-1.4261
217.3883,-13.9147,-1.5124
217.5484,-13.8522,-1.5951
217.7085,-13.7891,-1.6738
217.8686,-13.7251,-1.7482
218.0287,-13.6604,-1.8178
218.1887,-13.5949,-1.8823
218.3488,-13.5286,-1.9415
218.5089,-13.4615,-1.9949
218.6690,-13.3936,-2.0424
218.8290,-13.3248,-2.0837
218.9891,-13.2552,-2.1186
219.1492,-13.1846,-2.1469
219.3093,-13.1132,-2.1687
219.4694,-13.0408,-2.1837
219.6294,-12.9676,-2.1921
219.7895,-12.8933,-2.1938
219.9496,-12.8181,-2.1889
220.1097,-12.7419,-2.1775
220.2698,-12.6647,-2.1598
220.4298,-12.5864,-2.1359
220.5899,-12.5071,-2.1061
220.7500,-12.4267,-2.0707
220.9101,-12.3452,-2.0298
221.0702,-12.2626,-1.9838
221.2302,-12.1788,-1.9330
221.3903,-12.0938,-1.8776
221.5504,-12.0076,-1.8181
221.7105,-11.9202,-1.7546
221.8705,-11.8315,-1.6876
222.0306,-11.7415,-1.6173
222.1907,-11.6502,-1.5441
222.3508,-11.5575,-1.4681
222.5109,-11.4634,-1.3898
222.6709,-11.3678,-1.3093
222.8310,-11.2708,-1.2269
222.9911,-11.1723,-1.1429
223.1512,-11.0722,-1.0575
223.3113,-10.9706,-0.9708
223.4713,-10.8673,-0.8830
223.6314,-10.7623,-0.7944
223.7915,-10.6555,-0.7051
223.9516,-10.5470,-0.6152
224.1117,-10.4367,-0.5249
224.2717,-10.3245,-0.4342
224.4318,-10.2103,-0.3433
224.5919,-10.0942,-0.2522
224.7520,-9.9759,-0.1610
224.9121,-9.8556,-0.0698
225.0721,-9.7331,0.0214
225.2322,-9.6082,0.1125
225.3923,-9.4811,0.2036
225.5524,-9.3515,0.2946
225.7124,-9.2195,0.3855
225.8725,-9.0848,0.4763
226.0326,-8.9475,0.5671
226.1927,-8.8074,0.6578
226.3528,-8.6644,0.7485
226.5128,-8.5184,0.8393
226.6729,-8.3693,0.9301
226.8330,-8.2170,1.0211
226.9931,-8.0614,1.1124
227.1532,-7.9023,1.2039
227.3132,-7.7396,1.2958
227.4733,-7.5731,1.3882
227.6334,-7.4027,1.4811
227.7935,-7.2281,1.5748
227.9536,-7.0493,1.6693
228.1136,-6.8660,1.7647
228.2737,-6.6780,1.8613
228.4338,-6.4850,1.9591
228.5939,-6.2869,2.0584
228.7539,-6.0834,2.1593
228.9140,-5.8741,2.2621
229.0741,-5.6588,2.3669
229.2342,-5.4372,2.4741
229.3943,-5.2089,2.5839
229.5543,-4.9735,2.6966
229.7144,-4.7306,2.8125
229.8745,-4.4797,2.9319
230.0346,-4.2204,3.0554
230.1947,-3.9519,3.1833
230.3547,-3.6739,3.3161
230.5148,-3.3855,3.4544
230.6749,-3.0861,3.5988
230.8350,-2.7747,3.7500
230.9951,-2.4505,3.9088
231.1551,-2.1124,4.0760
231.3152,-1.7593,4.2527
231.4753,-1.3897,4.4401
231.6354,-1.0022,4.6394
231.7954,-0.5950,4.8523
231.9555,-0.1661,5.0805
232.1156,0.2868,5.3263
232.2757,0.7666,5.5921
232.4358,1.2763,5.8809
232.5958,1.8200,6.1965
232.7559,2.4023,6.5432
232.9160,3.0289,6.9266
233.0761,3.7069,7.3535
233.2362,4.4453,7.8326
233.3962,5.2555,8.3754
233.5563,6.1526,8.9967
233.7164,7.1572,9.7170
233.8765,8.2980,10.5650
234.0366,9.6169,11.5826
234.1966,11.1790,12.8351
234.3567,13.0929,14.4317
234.5168,15.5621,16.5761
234.6769,19.0411,19.7238
234.8370,24.9660,25.3123
234.9970,59.7411,59.7474
235.1571,25.2559,25.2559
235.3172,19.1374,19.1374
235.4773,15.5723,15.5723
235.6373,13.0438,13.0438
235.7974,11.0812,11.0812
235.9575,9.4760,9.4760
236.1176,8.1170,8.1170
236.2777,6.9380,6.9380
236.4377,5.8965,5.8965
236.5978,4.9633,4.9633
236.7579,4.1178,4.1178
236.9180,3.3445,3.3445
237.0781,2.6320,2.6320
237.2381,1.9712,1.9712
237.3982,1.3549,1.3549
237.5583,0.7774,0.7774
237.7184,0.2339,0.2339
237.8785,-0.2793,-0.2793
238.0385,-0.7657,-0.7657
238.1986,-1.2279,-1.2279
238.3587,-1.6684,-1.6684
238.5188,-2.0891,-2.0891
238.6788,-2.4918,-2.4918
238.8389,-2.8780,-2.8780
238.9990,-3.2492,-3.2492
239.1591,-3.6064,-3.6064
239.3192,-3.9508,-3.9508
239.4792,-4.2832,-4.2832
239.6393,-4.6045,-4.6045
239.7994,-4.9155,-4.9155
239.9595,-5.2168,-5.2168
240.1196,-5.5091,-5.5091
240.2796,-5.7929,-5.7929
240.4397,-6.0687,-6.0687
240.5998,-6.3369,-6.3369
240.7599,-6.5981,-6.5981
240.9200,-6.8526,-6.8526
241.0800,-7.1008,-7.1008
241.2401,-7.3429,-7.3429
241.4002,-7.5793,-7.5793
241.5603,-7.8103,-7.8103
241.7203,-8.0361,-8.0361
241.8804,-8.2570,-8.2570
242.0405,-8.4732,-8.4732
242.2006,-8.6849,-8.6849
242.3607,-8.8924,-8.8924
242.5207,-9.0957,-9.0957
242.6808,-9.2951,-9.2951
242.8409,-9.4907,-9.4907
243.0010,-9.6828,-9.6828
243.1611,-9.8713,-9.8713
243.3211,-10.0566,-10.0566
243.4812,-10.2386,-10.2386
243.6413,-10.4175,-10.4175
243.8014,-10.5935,-10.5935
243.9615,-10.7666,-10.7666
244.1215,-10.9370,-10.9370
244.2816,-11.1047,-11.1047
244.4417,-11.2698,-11.2698
244.6018,-11.4324,-11.4324
244.7619,-11.5926,-11.5926
244.9219,-11.7505,-11.7505
245.0820,-11.9062,-11.9062
245.2421,-12.0596,-12.0596
245.4022,-12.2110,-12.2110
245.5622,-12.3603,-12.3603
245.7223,-12.5076,-12.5076
245.8824,-12.6530,-12.6530
246.0425,-12.7966,-12.7966
246.2026,-12.9383,-12.9383
246.3626,-13.0783,-13.0783
246.5227,-13.2165,-13.2165
246.6828,-13.3531,-13.3531
246.8429,-13.4881,-13.4881
247.0030,-13.6215,-13.6215
247.1630,-13.7534,-13.7534
247.3231,-13.8838,-13.8838
247.4832,-14.0127,-14.0127
247.6433,-14.1402,-14.1402
247.8034,-14.2664,-14.2664
247.9634,-14.3912,-14.3912
248.1235,-14.5147,-14.5147
248.2836,-14.6369,-14.6369
248.4437,-14.7579,-14.7579
248.6037,-14.8776,-14.8776
248.7638,-14.9962,-14.9962
248.9239,-15.1136,-15.1136
249.0840,-15.2299,-15.2299
249.2441,-15.3451,-15.3451
249.4041,-15.4592,-15.4592
249.5642,-15.5722,-15.5722
249.7243,-15.6842,-15.6842
249.8844,-15.7952,-15.7952
250.0445,-15.9052,-15.9052
250.2045,-16.0143,-16.0143
250.3646,-16.1224,-16.1224
250.5247,-16.2295,-16.2295
250.6848,-16.3358,-16.3358
250.8449,-16.4412,-16.4412
251.0049,-16.5457,-16.5457
251.1650,-16.6494,-16.6494
251.3251,-16.7522,-16.7522
251.4852,-16.8543,-16.8543
251.6453,-16.9555,-16.9555
251.8053,-17.0559,-17.0559
251.9654,-17.1556,-17.1556
252.1255,-17.2545,-17.2545
252.2856,-17.3527,-17.3527
252.4456,-17.4502,-17.4502
252.6057,-17.5469,-17.5469
252.7658,-17.6430,-17.6430
252.9259,-17.7384,-17.7384
253.0860,-17.8331,-17.8331
253.2460,-17.9271,-17.9271
253.4061,-18.0205,-18.0205
253.5662,-18.1133,-18.1133
253.7263,-18.2054,-18.2054
253.8864,-18.2969,-18.2969
254.0464,-18.3879,-18.3879
254.2065,-18.4782,-18.4782
254.3666,-18.5680,-18.5680
254.5267,-18.6572,-18.6572
254.6868,-18.7458,-18.7458
254.8468,-18.8339,-18.8339
255.0069,-18.9215,-18.9215
255.1670,-19.0085,-19.0085
255.3271,-19.0950,-19.0950
255.4871,-19.1810,-19.1810
255.6472,-19.2664,-19.2664
255.8073,-19.3514,-19.3514
255.9674,-19.4359,-19.4359
256.1275,-19.5200,-19.5200
256.2875,-19.6035,-19.6035
256.4476,-19.6866,-19.6866
256.6077,-19.7692,-19.7692
256.7678,-19.8514,-19.8514
256.9279,-19.9331,-19.9331
257.0879,-20.0145,-20.0145
257.2480,-20.0953,-20.0953
257.4081,-20.1758,-20.1758
257.5682,-20.2558,-20.2558
257.7283,-20.3355,-20.3355
257.8883,-20.4147,-20.4147
258.0484,-20.4936,-20.4936
258.2085,-20.5720,-20.5720
258.3686,-20.6501,-20.6501
258.5286,-20.7278,-20.7278
258.6887,-20.8051,-20.8051
258.8488,-20.8821,-20.8821
259.0089,-20.9587,-20.9587
259.1690,-21.0350,-21.0350
259.3290,-21.1109,-21.1109
259.4891,-21.1864,-21.1864
259.6492,-21.2617,-21.2617
259.8093,-21.3366,-21.3366
259.9694,-21.4111,-21.4111
260.1294,-21.4854,-21.4854
260.2895,-21.5593,-21.5593
260.4496,-21.6329,-21.6329
260.6097,-21.7062,-21.7062
260.7698,-21.7792,-21.7792
260.9298,-21.8520,-21.8520
261.0899,-21.9244,-21.9244
261.2500,-21.9965,-21.9965
261.4101,-22.0683,-22.0683
261.5702,-22.1399,-22.1399
261.7302,-22.2112,-22.2112
261.8903,-22.2822,-22.2822
262.0504,-22.3529,-22.3529
262.2105,-22.4234,-22.4234
262.3705,-22.4936,-22.4936
262.5306,-22.5636,-22.5636
262.6907,-22.6333,-22.6333
262.8508,-22.7027,-22.7027
263.0109,-22.7719,-22.7719
263.1709,-22.8409,-22.8409
263.3310,-22.9096,-22.9096
263.4911,-22.9781,-22.9781
263.6512,-23.0464,-23.0464
263.8113,-23.1144,-23.1144
263.9713,-23.1822,-23.1822
264.1314,-23.2498,-23.2498
264.2915,-23.3172,-23.3172
264.4516,-23.3843,-23.3843
264.6117,-23.4513,-23.4513
264.7717,-23.5180,-23.5180
264.9318,-23.5846,-23.5846
265.0919,-23.6509,-23.6509
265.2520,-23.7170,-23.7170
265.4120,-23.7830,-23.7830
265.5721,-23.8487,-23.8487
265.7322,-23.9142,-23.9142
265.8923,-23.9796,-23.9796
266.0524,-24.0448,-24.0448
266.2124,-24.1098,-24.1098
266.3725,-24.1746,-24.1746
266.5326,-24.2393,-24.2393
266.6927,-24.3037,-24.3037
266.8528,-24.3680,-24.3680
267.0128,-24.4322,-24.4322
267.1729,-24.4961,-24.4961
267.3330,-24.5599,-24.5599
267.4931,-24.6236,-24.6236
267.6532,-24.6871,-24.6871
267.8132,-24.7504,-24.7504
267.9733,-24.8136,-24.8136
268.1334,-24.8766,-24.8766
268.2935,-24.9395,-24.9395
268.4535,-25.0023,-25.0023
268.6136,-25.0649,-25.0649
268.7737,-25.1273,-25.1273
268.9338,-25.1897,-25.1897
269.0939,-25.2518,-25.2518
269.2539,-25.3139,-25.3139
269.4140,-25.3758,-25.3758
269.5741,-25.4376,-25.4376
269.7342,-25.4993,-25.4993
269.8943,-25.5608,-25.5608
270.0543,-25.6223,-25.6223
270.2144,-25.6836,-25.6836
270.3745,-25.7448,-25.7448
270.5346,-25.8058,-25.8058
270.6947,-25.8668,-25.8668
270.8547,-25.9277,-25.9277
271.0148,-25.9884,-25.9884
271.1749,-26.0490,-26.0490
271.3350,-26.1096,-26.1096
271.4951,-26.1700,-26.1700
271.6551,-26.2303,-26.2303
271.8152,-26.2906,-26.2906
271.9753,-26.3507,-26.3507
272.1354,-26.4108,-26.4108
272.2954,-26.4707,-26.4707
272.4555,-26.5306,-26.5306
272.6156,-26.5904,-26.5904
272.7757,-26.6500,-26.6500
272.9358,-26.7097,-26.7097
273.0958,-26.7692,-26.7692
273.2559,-26.8286,-26.8286
273.4160,-26.8880,-26.8880
273.5761,-26.9473,-26.9473
273.7362,-27.0065,-27.0065
273.8962,-27.0657,-27.0657
274.0563,-27.1247,-27.1247
274.2164,-27.1837,-27.1837
274.3765,-27.2427,-27.2427
274.5366,-27.3016,-27.3016
274.6966,-27.3604,-27.3604
274.8567,-27.4191,-27.4191
275.0168,-27.4778,-27.4778
275.1769,-27.5365,-27.5365
275.3369,-27.5951,-27.5951
275.4970,-27.6536,-27.6536
275.6571,-27.7121,-27.7121
275.8172,-27.7705,-27.7705
275.9773,-27.8289,-27.8289
276.1373,-27.8872,-27.8872
276.2974,-27.9455,-27.9455
276.4575,-28.0038,-28.0038
276.6176,-28.0620,-28.0620
276.7777,-28.1202,-28.1202
276.9377,-28.1783,-28.1783
277.0978,-28.2364,-28.2364
277.2579,-28.2945,-28.2945
277.4180,-28.3525,-28.3525
277.5781,-28.4106,-28.4106
277.7381,-28.4685,-28.4685
277.8982,-28.5265,-28.5265
278.0583,-28.5844,-28.5844
278.2184,-28.6424,-28.6424
278.3784,-28.7003,-28.7003
278.5385,-28.7581,-28.7581
278.6986,-28.8160,-28.8160
278.8587,-28.8739,-28.8739
279.0188,-28.9317,-28.9317
279.1788,-28.9895,-28.9895
279.3389,-29.0473,-29.0473
279.4990,-29.1051,-29.1051
279.6591,-29.1629,-29.1629
279.8192,-29.2208,-29.2208
279.9792,-29.2786,-29.2786
280.1393,-29.3364,-29.3364
280.2994,-29.3942,-29.3942
280.4595,-29.4520,-29.4520
280.6196,-29.5098,-29.5098
280.7796,-29.5676,-29.5676
280.9397,-29.6254,-29.6254
281.0998,-29.6833,-29.6833
281.2599,-29.7411,-29.7411
281.4200,-29.7990,-29.7990
281.5800,-29.8569,-29.8569
281.7401,-29.9148,-29.9148
281.9002,-29.9728,-29.9728
282.0603,-30.0307,-30.0307
282.2203,-30.0887,-30.0887
282.3804,-30.1467,-30.1467
282.5405,-30.2048,-30.2048
282.7006,-30.2628,-30.2628
282.8607,-30.3209,-30.3209
283.0207,-30.3791,-30.3791
283.1808,-30.4373,-30.4373
283.3409,-30.4955,-30.4955
283.5010,-30.5537,-30.5537
283.6611,-30.6120,-30.6120
283.8211,-30.6704,-30.6704
283.9812,-30.7288,-30.7288
284.1413,-30.7872,-30.7872
284.3014,-30.8457,-30.8457
284.4615,-30.9043,-30.9043
284.6215,-30.9629,-30.9629
284.7816,-31.0215,-31.0215
284.9417,-31.0803,-31.0803
285.1018,-31.1391,-31.1391
285.2618,-31.1979,-31.1979
285.4219,-31.2568,-31.2568
285.5820,-31.3158,-31.3158
285.7421,-31.3749,-31.3749
285.9022,-31.4340,-31.4340
286.0622,-31.4932,-31.4932
286.2223,-31.5525,-31.5525
286.3824,-31.6119,-31.6119
286.5425,-31.6714,-31.6714
286.7026,-31.7309,-31.7309
286.8626,-31.7905,-31.7905
287.0227,-31.8503,-31.8503
287.1828,-31.9101,-31.9101
287.3429,-31.9700,-31.9700
287.5030,-32.0300,-32.0300
287.6630,-32.0901,-32.0901
287.8231,-32.1503,-32.1503
287.9832,-32.2106,-32.2106
288.1433,-32.2710,-32.2710
288.3034,-32.3316,-32.3316
288.4634,-32.3922,-32.3922
288.6235,-32.4530,-32.4530
288.7836,-32.5139,-32.5139
288.9437,-32.5749,-32.5749
289.1037,-32.6360,-32.6360
289.2638,-32.6972,-32.6972
289.4239,-32.7586,-32.7586
289.5840,-32.8201,-32.8201
289.7441,-32.8818,-32.8818
289.9041,-32.9436,-32.9436
290.0642,-33.0055,-33.0055
290.2243,-33.0676,-33.0676
290.3844,-33.1298,-33.1298
290.5445,-33.1922,-33.1922
290.7045,-33.2547,-33.2547
290.8646,-33.3174,-33.3174
291.0247,-33.3803,-33.3803
291.1848,-33.4433,-33.4433
291.3449,-33.5065,-33.5065
291.5049,-33.5698,-33.5698
291.6650,-33.6333,-33.6333
291.8251,-33.6970,-33.6970
291.9852,-33.7609,-33.7609
292.1452,-33.8250,-33.8250
292.3053,-33.8892,-33.8892
292.4654,-33.9537,-33.9537
292.6255,-34.0183,-34.0183
292.7856,-34.0832,-34.0832
292.9456,-34.1482,-34.1482
293.1057,-34.2134,-34.2134
293.2658,-34.2789,-34.2789
293.4259,-34.3446,-34.3446
293.5860,-34.4105,-34.4105
293.7460,-34.4766,-34.4766
293.9061,-34.5429,-34.5429
294.0662,-34.6095,-34.6095
294.2263,-34.6763,-34.6763
294.3864,-34.7434,-34.7434
294.5464,-34.8107,-34.8107
294.7065,-34.8782,-34.8782
294.8666,-34.9460,-34.9460
295.0267,-35.0141,-35.0141
295.1867,-35.0824,-35.0824
295.3468,-35.1510,-35.1510
295.5069,-35.2199,-35.2199
295.6670,-35.2890,-35.2890
295.8271,-35.3584,-35.3584
295.9871,-35.4281,-35.4281
296.1472,-35.4982,-35.4982
296.3073,-35.5685,-35.5685
296.4674,-35.6391,-35.6391
296.6275,-35.7100,-35.7100
296.7875,-35.7813,-35.7813
296.9476,-35.8528,-35.8528
297.1077,-35.9247,-35.9247
297.2678,-35.9969,-35.9969
297.4279,-36.0695,-36.0695
297.5879,-36.1424,-36.1424
297.7480,-36.2157,-36.2157
297.9081,-36.2893,-36.2893
298.0682,-36.3633,-36.3633
298.2283,-36.4377,-36.4377
298.3883,-36.5125,-36.5125
298.5484,-36.5876,-36.5876
298.7085,-36.6632,-36.6632
298.8686,-36.7391,-36.7391
299.0286,-36.8155,-36.8155
299.1887,-36.8922,-36.8922
299.3488,-36.9694,-36.9694
299.5089,-37.0471,-37.0471
299.6690,-37.1251,-37.1251
299.8290,-37.2037,-37.2037
299.9891,-37.2827,-37.2827
300.1492,-37.3621,-37.3621
300.3093,-37.4421,-37.4421
300.4694,-37.5225,-37.5225
300.6294,-37.6034,-37.6034
300.7895,-37.6849,-37.6849
300.9496,-37.7668,-37.7668
301.1097,-37.8493,-37.8493
301.2698,-37.9323,-37.9323
301.4298,-38.0159,-38.0159
301.5899,-38.1001,-38.1001
301.7500,-38.1848,-38.1848
301.9101,-38.2701,-38.2701
302.0701,-38.3559,-38.3559
302.2302,-38.4424,-38.4424
302.3903,-38.5296,-38.5296
302.5504,-38.6173,-38.6173
302.7105,-38.7057,-38.7057
302.8705,-38.7948,-38.7948
303.0306,-38.8845,-38.8845
303.1907,-38.9750,-38.9750
303.3508,-39.0661,-39.0661
303.5109,-39.1580,-39.1580
303.6709,-39.2506,-39.2506
303.8310,-39.3439,-39.3439
303.9911,-39.4380,-39.4380
304.1512,-39.5329,-39.5329
304.3113,-39.6286,-39.6286
304.4713,-39.7252,-39.7252
304.6314,-39.8225,-39.8225
304.7915,-39.9208,-39.9208
304.9516,-40.0199,-40.0199
305.1116,-40.1199,-40.1199
305.2717,-40.2209,-40.2209
305.4318,-40.3228,-40.3228
305.5919,-40.4256,-40.4256
305.7520,-40.5295,-40.5295
305.9120,-40.6343,-40.6343
306.0721,-40.7403,-40.7403
306.2322,-40.8472,-40.8472
306.3923,-40.9553,-40.9553
306.5524,-41.0645,-41.0645
306.7124,-41.1748,-41.1748
306.8725,-41.2864,-41.2864
307.0326,-41.3991,-41.3991
307.1927,-41.5131,-41.5131
307.3528,-41.6284,-41.6284
307.5128,-41.7450,-41.7450
307.6729,-41.8629,-41.8629
307.8330,-41.9822,-41.9822
307.9931,-42.1029,-42.1029
308.1532,-42.2251,-42.2251
308.3132,-42.3489,-42.3489
308.4733,-42.4741,-42.4741
308.6334,-42.6010,-42.6010
308.7935,-42.7295,-42.7295
308.9535,-42.8597,-42.8597
309.1136,-42.9916,-42.9916
309.2737,-43.1254,-43.1254
309.4338,-43.2610,-43.2610
309.5939,-43.3985,-43.3985
309.7539,-43.5380,-43.5380
309.9140,-43.6796,-43.6796
310.0741,-43.8232,-43.8232
310.2342,-43.9691,-43.9691
310.3943,-44.1172,-44.1172
310.5543,-44.2676,-44.2676
310.7144,-44.4205,-44.4205
310.8745,-44.5758,-44.5758
311.0346,-44.7338,-44.7338
311.1947,-44.8944,-44.8944
311.3547,-45.0579,-45.0579
311.5148,-45.2242,-45.2242
311.6749,-45.3936,-45.3936
311.8350,-45.5661,-45.5661
311.9950,-45.7418,-45.7418
312.1551,-45.9210,-45.9210
312.3152,-46.1037,-46.1037
312.4753,-46.2901,-46.2901
312.6354,-46.4803,-46.4803
312.7954,-46.6746,-46.6746
312.9555,-46.8731,-46.8731
313.1156,-47.0760,-47.0760
313.2757,-47.2835,-47.2835
313.4358,-47.4959,-47.4959
313.5958,-47.7134,-47.7134
313.7559,-47.9362,-47.9362
313.9160,-48.1646,-48.1646
314.0761,-48.3990,-48.3990
314.2362,-48.6397,-48.6397
314.3962,-48.8870,-48.8870
314.5563,-49.1413,-49.1413
314.7164,-49.4030,-49.4030
314.8765,-49.6727,-49.6727
315.0365,-49.9507,-49.9507
315.1966,-50.2378,-50.2378
315.3567,-50.5344,-50.5344
315.5168,-50.8412,-50.8412
315.6769,-51.1591,-51.1591
315.8369,-51.4888,-51.4888
315.9970,-51.8313,-51.8313
316.1571,-52.1876,-52.1876
316.3172,-52.5589,-52.5589
316.4773,-52.9465,-52.9465
316.6373,-53.3521,-53.3521
316.7974,-53.7773,-53.7773
316.9575,-54.2241,-54.2241
317.1176,-54.6949,-54.6949
317.2777,-55.1925,-55.1925
317.4377,-55.7201,-55.7201
317.5978,-56.2816,-56.2816
317.7579,-56.8817,-56.8817
317.9180,-57.5261,-57.5261
318.0781,-58.2220,-58.2220
318.2381,-58.9782,-58.9782
318.3982,-59.8063,-59.8063
318.5583,-60.7216,-60.7216
318.7184,-61.7445,-61.7445
318.8784,-62.9039,-62.9039
319.0385,-64.2420,-64.2420
319.1986,-65.8243,-65.8243
319.3587,-67.7601,-67.7601
319.5188,-70.2546,-70.2546
319.6788,-73.7676,-73.7676
319.8389,-79.7613,-79.7613
319.9990,-123.9021,-123.9021
