x,magnitude,phase
1.000000e-03,5.465352e-02,4.357504e+01
1.009262e-03,5.489964e-02,4.356855e+01
1.018610e-03,5.514684e-02,4.356203e+01
1.028045e-03,5.539513e-02,4.355549e+01
1.037567e-03,5.564450e-02,4.354891e+01
1.047177e-03,5.589496e-02,4.354231e+01
1.056876e-03,5.614653e-02,4.353567e+01
1.066665e-03,5.639919e-02,4.352900e+01
1.076545e-03,5.665296e-02,4.352231e+01
1.086516e-03,5.690784e-02,4.351559e+01
1.096579e-03,5.716383e-02,4.350883e+01
1.106736e-03,5.742094e-02,4.350204e+01
1.116987e-03,5.767918e-02,4.349523e+01
1.127333e-03,5.793854e-02,4.348838e+01
1.137774e-03,5.819904e-02,4.348151e+01
1.148312e-03,5.846068e-02,4.347460e+01
1.158948e-03,5.872346e-02,4.346766e+01
1.169683e-03,5.898738e-02,4.346069e+01
1.180517e-03,5.925246e-02,4.345369e+01
1.191451e-03,5.951870e-02,4.344666e+01
1.202486e-03,5.978609e-02,4.343959e+01
1.213624e-03,6.005465e-02,4.343250e+01
1.224865e-03,6.032438e-02,4.342537e+01
1.236210e-03,6.059529e-02,4.341821e+01
1.247660e-03,6.086738e-02,4.341102e+01
1.259216e-03,6.114065e-02,4.340380e+01
1.270879e-03,6.141512e-02,4.339654e+01
1.282650e-03,6.169078e-02,4.338926e+01
1.294530e-03,6.196763e-02,4.338194e+01
1.306520e-03,6.224570e-02,4.337458e+01
1.318621e-03,6.252497e-02,4.336720e+01
1.330835e-03,6.280546e-02,4.335978e+01
1.343161e-03,6.308716e-02,4.335233e+01
1.355602e-03,6.337009e-02,4.334484e+01
1.368158e-03,6.365425e-02,4.333732e+01
1.380830e-03,6.393964e-02,4.332977e+01
1.393619e-03,6.422628e-02,4.332219e+01
1.406527e-03,6.451415e-02,4.331457e+01
1.419555e-03,6.480328e-02,4.330691e+01
1.432703e-03,6.509366e-02,4.329923e+01
1.445973e-03,6.538530e-02,4.329150e+01
1.459366e-03,6.567820e-02,4.328375e+01
1.472883e-03,6.597237e-02,4.327596e+01
1.486525e-03,6.626782e-02,4.326813e+01
1.500293e-03,6.656455e-02,4.326027e+01
1.514189e-03,6.686256e-02,4.325238e+01
1.528214e-03,6.716186e-02,4.324444e+01
1.542369e-03,6.746246e-02,4.323648e+01
1.556654e-03,6.776436e-02,4.322848e+01
1.571072e-03,6.806756e-02,4.322044e+01
1.585624e-03,6.837207e-02,4.321237e+01
1.600310e-03,6.867790e-02,4.320426e+01
1.615133e-03,6.898505e-02,4.319611e+01
1.630092e-03,6.929353e-02,4.318793e+01
1.645191e-03,6.960334e-02,4.317971e+01
1.660429e-03,6.991449e-02,4.317146e+01
1.675808e-03,7.022697e-02,4.316317e+01
1.691330e-03,7.054081e-02,4.315484e+01
1.706995e-03,7.085600e-02,4.314648e+01
1.722805e-03,7.117255e-02,4.313808e+01
1.738762e-03,7.149046e-02,4.312964e+01
1.754867e-03,7.180974e-02,4.312116e+01
1.771121e-03,7.213040e-02,4.311265e+01
1.787526e-03,7.245244e-02,4.310409e+01
1.804082e-03,7.277586e-02,4.309550e+01
1.820792e-03,7.310067e-02,4.308688e+01
1.837656e-03,7.342688e-02,4.307821e+01
1.854677e-03,7.375449e-02,4.306950e+01
1.871855e-03,7.408351e-02,4.306076e+01
1.889193e-03,7.441395e-02,4.305198e+01
1.906691e-03,7.474580e-02,4.304316e+01
1.924351e-03,7.507907e-02,4.303430e+01
1.942175e-03,7.541378e-02,4.302540e+01
1.960163e-03,7.574992e-02,4.301646e+01
1.978319e-03,7.608751e-02,4.300748e+01
1.996642e-03,7.642654e-02,4.299846e+01
2.015136e-03,7.676702e-02,4.298940e+01
2.033800e-03,7.710896e-02,4.298030e+01
2.052638e-03,7.745237e-02,4.297116e+01
2.071650e-03,7.779724e-02,4.296198e+01
2.090838e-03,7.814359e-02,4.295276e+01
2.110203e-03,7.849142e-02,4.294350e+01
2.129749e-03,7.884074e-02,4.293420e+01
2.149475e-03,7.919155e-02,4.292486e+01
2.169384e-03,7.954386e-02,4.291548e+01
2.189477e-03,7.989767e-02,4.290605e+01
2.209756e-03,8.025300e-02,4.289658e+01
2.230223e-03,8.060984e-02,4.288707e+01
2.250880e-03,8.096820e-02,4.287752e+01
2.271728e-03,8.132809e-02,4.286793e+01
2.292769e-03,8.168951e-02,4.285829e+01
2.314005e-03,8.205248e-02,4.284861e+01
2.335438e-03,8.241699e-02,4.283889e+01
2.357069e-03,8.278305e-02,4.282913e+01
2.378901e-03,8.315067e-02,4.281932e+01
2.400935e-03,8.351985e-02,4.280947e+01
2.423173e-03,8.389060e-02,4.279958e+01
2.445617e-03,8.426293e-02,4.278964e+01
2.468268e-03,8.463684e-02,4.277966e+01
2.491130e-03,8.501233e-02,4.276964e+01
2.514203e-03,8.538942e-02,4.275957e+01
2.537490e-03,8.576811e-02,4.274945e+01
2.560993e-03,8.614841e-02,4.273929e+01
2.584714e-03,8.653032e-02,4.272909e+01
2.608654e-03,8.691384e-02,4.271884e+01
2.632815e-03,8.729899e-02,4.270855e+01
2.657201e-03,8.768578e-02,4.269821e+01
2.681813e-03,8.807419e-02,4.268783e+01
2.706652e-03,8.846426e-02,4.267740e+01
2.731722e-03,8.885597e-02,4.266692e+01
2.757023e-03,8.924933e-02,4.265640e+01
2.782559e-03,8.964436e-02,4.264584e+01
2.808332e-03,9.004106e-02,4.263522e+01
2.834343e-03,9.043943e-02,4.262456e+01
2.860596e-03,9.083948e-02,4.261385e+01
2.887091e-03,9.124122e-02,4.260310e+01
2.913832e-03,9.164465e-02,4.259230e+01
2.940820e-03,9.204978e-02,4.258145e+01
2.968059e-03,9.245662e-02,4.257055e+01
2.995549e-03,9.286517e-02,4.255961e+01
3.023295e-03,9.327544e-02,4.254861e+01
3.051297e-03,9.368743e-02,4.253757e+01
3.079559e-03,9.410116e-02,4.252648e+01
3.108082e-03,9.451662e-02,4.251535e+01
3.136870e-03,9.493383e-02,4.250416e+01
3.165924e-03,9.535279e-02,4.249292e+01
3.195248e-03,9.577351e-02,4.248164e+01
3.224842e-03,9.619599e-02,4.247031e+01
3.254712e-03,9.662025e-02,4.245892e+01
3.284857e-03,9.704628e-02,4.244749e+01
3.315282e-03,9.747410e-02,4.243601e+01
3.345989e-03,9.790370e-02,4.242447e+01
3.376980e-03,9.833510e-02,4.241289e+01
3.408259e-03,9.876831e-02,4.240125e+01
3.439826e-03,9.920333e-02,4.238957e+01
3.471687e-03,9.964016e-02,4.237783e+01
3.503842e-03,1.000788e-01,4.236604e+01
3.536296e-03,1.005193e-01,4.235420e+01
3.569049e-03,1.009616e-01,4.234231e+01
3.602107e-03,1.014058e-01,4.233037e+01
3.635470e-03,1.018518e-01,4.231837e+01
3.669142e-03,1.022997e-01,4.230633e+01
3.703127e-03,1.027495e-01,4.229423e+01
3.737426e-03,1.032011e-01,4.228207e+01
3.772042e-03,1.036546e-01,4.226987e+01
3.806980e-03,1.041099e-01,4.225761e+01
3.842241e-03,1.045672e-01,4.224530e+01
3.877828e-03,1.050264e-01,4.223293e+01
3.913746e-03,1.054874e-01,4.222051e+01
3.949995e-03,1.059504e-01,4.220804e+01
3.986581e-03,1.064153e-01,4.219551e+01
4.023506e-03,1.068822e-01,4.218293e+01
4.060772e-03,1.073509e-01,4.217029e+01
4.098384e-03,1.078216e-01,4.215760e+01
4.136344e-03,1.082943e-01,4.214485e+01
4.174655e-03,1.087689e-01,4.213205e+01
4.213322e-03,1.092454e-01,4.211919e+01
4.252346e-03,1.097240e-01,4.210628e+01
4.291732e-03,1.102045e-01,4.209331e+01
4.331483e-03,1.106870e-01,4.208028e+01
4.371602e-03,1.111714e-01,4.206720e+01
4.412093e-03,1.116579e-01,4.205406e+01
4.452959e-03,1.121464e-01,4.204086e+01
4.494203e-03,1.126369e-01,4.202761e+01
4.535829e-03,1.131294e-01,4.201430e+01
4.577841e-03,1.136239e-01,4.200093e+01
4.620241e-03,1.141204e-01,4.198750e+01
4.663035e-03,1.146190e-01,4.197402e+01
4.706225e-03,1.151197e-01,4.196047e+01
4.749815e-03,1.156224e-01,4.194687e+01
4.793808e-03,1.161271e-01,4.193321e+01
4.838210e-03,1.166339e-01,4.191949e+01
4.883022e-03,1.171428e-01,4.190571e+01
4.928250e-03,1.176538e-01,4.189188e+01
4.973896e-03,1.181669e-01,4.187798e+01
5.019965e-03,1.186820e-01,4.186402e+01
5.066461e-03,1.191993e-01,4.185000e+01
5.113388e-03,1.197187e-01,4.183592e+01
5.160749e-03,1.202402e-01,4.182178e+01
5.208549e-03,1.207638e-01,4.180758e+01
5.256791e-03,1.212895e-01,4.179332e+01
5.305481e-03,1.218174e-01,4.177900e+01
5.354621e-03,1.223475e-01,4.176461e+01
5.404216e-03,1.228797e-01,4.175017e+01
5.454271e-03,1.234140e-01,4.173566e+01
5.504790e-03,1.239505e-01,4.172109e+01
5.555776e-03,1.244892e-01,4.170645e+01
5.607235e-03,1.250301e-01,4.169176e+01
5.659170e-03,1.255732e-01,4.167700e+01
5.711586e-03,1.261185e-01,4.166217e+01
5.764488e-03,1.266659e-01,4.164729e+01
5.817880e-03,1.272156e-01,4.163234e+01
5.871766e-03,1.277675e-01,4.161732e+01
5.926152e-03,1.283217e-01,4.160224e+01
5.981041e-03,1.288781e-01,4.158710e+01
6.036439e-03,1.294367e-01,4.157189e+01
6.092349e-03,1.299976e-01,4.155662e+01
6.148778e-03,1.305607e-01,4.154128e+01
6.205729e-03,1.311261e-01,4.152587e+01
6.263207e-03,1.316937e-01,4.151040e+01
6.321218e-03,1.322637e-01,4.149486e+01
6.379767e-03,1.328359e-01,4.147926e+01
6.438857e-03,1.334105e-01,4.146359e+01
6.498495e-03,1.339873e-01,4.144785e+01
6.558686e-03,1.345665e-01,4.143205e+01
6.619433e-03,1.351479e-01,4.141617e+01
6.680744e-03,1.357317e-01,4.140023e+01
6.742622e-03,1.363179e-01,4.138423e+01
6.805074e-03,1.369063e-01,4.136815e+01
6.868104e-03,1.374971e-01,4.135200e+01
6.931717e-03,1.380903e-01,4.133579e+01
6.995920e-03,1.386859e-01,4.131951e+01
7.060718e-03,1.392838e-01,4.130316e+01
7.126115e-03,1.398841e-01,4.128673e+01
7.192119e-03,1.404867e-01,4.127024e+01
7.258734e-03,1.410918e-01,4.125368e+01
7.325965e-03,1.416993e-01,4.123705e+01
7.393820e-03,1.423092e-01,4.122035e+01
7.462303e-03,1.429215e-01,4.120357e+01
7.531420e-03,1.435362e-01,4.118673e+01
7.601178e-03,1.441534e-01,4.116981e+01
7.671581e-03,1.447730e-01,4.115282e+01
7.742637e-03,1.453950e-01,4.113576e+01
7.814351e-03,1.460195e-01,4.111863e+01
7.886729e-03,1.466465e-01,4.110143e+01
7.959777e-03,1.472760e-01,4.108415e+01
8.033502e-03,1.479079e-01,4.106680e+01
8.107910e-03,1.485423e-01,4.104937e+01
8.183007e-03,1.491792e-01,4.103187e+01
8.258799e-03,1.498186e-01,4.101430e+01
8.335294e-03,1.504605e-01,4.099666e+01
8.412497e-03,1.511050e-01,4.097893e+01
8.490415e-03,1.517519e-01,4.096114e+01
8.569055e-03,1.524014e-01,4.094327e+01
8.648423e-03,1.530535e-01,4.092532e+01
8.728527e-03,1.537081e-01,4.090730e+01
8.809372e-03,1.543652e-01,4.088920e+01
8.890966e-03,1.550249e-01,4.087103e+01
8.973316e-03,1.556872e-01,4.085278e+01
9.056428e-03,1.563520e-01,4.083445e+01
9.140311e-03,1.570195e-01,4.081604e+01
9.224970e-03,1.576895e-01,4.079756e+01
9.310413e-03,1.583622e-01,4.077900e+01
9.396648e-03,1.590374e-01,4.076036e+01
9.483682e-03,1.597153e-01,4.074165e+01
9.571522e-03,1.603958e-01,4.072285e+01
9.660175e-03,1.610790e-01,4.070398e+01
9.749649e-03,1.617647e-01,4.068503e+01
9.839952e-03,1.624532e-01,4.066599e+01
9.931092e-03,1.631442e-01,4.064688e+01
1.002308e-02,1.638380e-01,4.062769e+01
1.011591e-02,1.645344e-01,4.060842e+01
1.020961e-02,1.652335e-01,4.058907e+01
1.030417e-02,1.659353e-01,4.056963e+01
1.039961e-02,1.666398e-01,4.055012e+01
1.049593e-02,1.673470e-01,4.053052e+01
1.059315e-02,1.680569e-01,4.051084e+01
1.069126e-02,1.687695e-01,4.049108e+01
1.079029e-02,1.694849e-01,4.047124e+01
1.089023e-02,1.702030e-01,4.045131e+01
1.099110e-02,1.709238e-01,4.043131e+01
1.109290e-02,1.716474e-01,4.041121e+01
1.119564e-02,1.723737e-01,4.039104e+01
1.129934e-02,1.731028e-01,4.037078e+01
1.140400e-02,1.738347e-01,4.035044e+01
1.150962e-02,1.745694e-01,4.033001e+01
1.161623e-02,1.753068e-01,4.030950e+01
1.172382e-02,1.760470e-01,4.028890e+01
1.183241e-02,1.767901e-01,4.026821e+01
1.194200e-02,1.775359e-01,4.024744e+01
1.205261e-02,1.782846e-01,4.022659e+01
1.216424e-02,1.790361e-01,4.020565e+01
1.227691e-02,1.797905e-01,4.018462e+01
1.239062e-02,1.805477e-01,4.016350e+01
1.250539e-02,1.813077e-01,4.014230e+01
1.262121e-02,1.820706e-01,4.012101e+01
1.273811e-02,1.828363e-01,4.009963e+01
1.285610e-02,1.836050e-01,4.007817e+01
1.297517e-02,1.843765e-01,4.005661e+01
1.309535e-02,1.851509e-01,4.003497e+01
1.321664e-02,1.859282e-01,4.001323e+01
1.333906e-02,1.867083e-01,3.999141e+01
1.346261e-02,1.874915e-01,3.996950e+01
1.358730e-02,1.882775e-01,3.994750e+01
1.371315e-02,1.890664e-01,3.992540e+01
1.384016e-02,1.898583e-01,3.990322e+01
1.396835e-02,1.906531e-01,3.988095e+01
1.409773e-02,1.914509e-01,3.985858e+01
1.422830e-02,1.922516e-01,3.983612e+01
1.436009e-02,1.930553e-01,3.981357e+01
1.449310e-02,1.938620e-01,3.979093e+01
1.462733e-02,1.946716e-01,3.976819e+01
1.476281e-02,1.954842e-01,3.974537e+01
1.489955e-02,1.962998e-01,3.972244e+01
1.503755e-02,1.971185e-01,3.969943e+01
1.517683e-02,1.979401e-01,3.967632e+01
1.531740e-02,1.987647e-01,3.965312e+01
1.545928e-02,1.995924e-01,3.962982e+01
1.560246e-02,2.004230e-01,3.960643e+01
1.574698e-02,2.012568e-01,3.958294e+01
1.589283e-02,2.020935e-01,3.955935e+01
1.604003e-02,2.029333e-01,3.953567e+01
1.618860e-02,2.037762e-01,3.951190e+01
1.633854e-02,2.046222e-01,3.948803e+01
1.648987e-02,2.054712e-01,3.946406e+01
1.664260e-02,2.063233e-01,3.943999e+01
1.679675e-02,2.071784e-01,3.941582e+01
1.695232e-02,2.080367e-01,3.939156e+01
1.710934e-02,2.088981e-01,3.936720e+01
1.726781e-02,2.097625e-01,3.934274e+01
1.742775e-02,2.106301e-01,3.931818e+01
1.758917e-02,2.115008e-01,3.929353e+01
1.775208e-02,2.123747e-01,3.926877e+01
1.791650e-02,2.132517e-01,3.924391e+01
1.808245e-02,2.141318e-01,3.921896e+01
1.824993e-02,2.150150e-01,3.919390e+01
1.841897e-02,2.159015e-01,3.916874e+01
1.858957e-02,2.167910e-01,3.914348e+01
1.876175e-02,2.176838e-01,3.911812e+01
1.893552e-02,2.185797e-01,3.909266e+01
1.911091e-02,2.194788e-01,3.906709e+01
1.928792e-02,2.203811e-01,3.904142e+01
1.946656e-02,2.212866e-01,3.901565e+01
1.964687e-02,2.221953e-01,3.898978e+01
1.982884e-02,2.231073e-01,3.896380e+01
2.001250e-02,2.240224e-01,3.893772e+01
2.019786e-02,2.249407e-01,3.891153e+01
2.038493e-02,2.258623e-01,3.888524e+01
2.057374e-02,2.267871e-01,3.885885e+01
2.076430e-02,2.277152e-01,3.883235e+01
2.095662e-02,2.286465e-01,3.880574e+01
2.115073e-02,2.295810e-01,3.877903e+01
2.134663e-02,2.305189e-01,3.875221e+01
2.154435e-02,2.314599e-01,3.872528e+01
2.174389e-02,2.324043e-01,3.869825e+01
2.194529e-02,2.333519e-01,3.867111e+01
2.214855e-02,2.343028e-01,3.864387e+01
2.235370e-02,2.352571e-01,3.861651e+01
2.256074e-02,2.362146e-01,3.858905e+01
2.276970e-02,2.371754e-01,3.856147e+01
2.298060e-02,2.381395e-01,3.853379e+01
2.319345e-02,2.391069e-01,3.850600e+01
2.340827e-02,2.400777e-01,3.847810e+01
2.362508e-02,2.410518e-01,3.845009e+01
2.384390e-02,2.420292e-01,3.842197e+01
2.406475e-02,2.430100e-01,3.839374e+01
2.428764e-02,2.439941e-01,3.836540e+01
2.451260e-02,2.449815e-01,3.833694e+01
2.473964e-02,2.459723e-01,3.830838e+01
2.496878e-02,2.469665e-01,3.827970e+01
2.520005e-02,2.479640e-01,3.825091e+01
2.543346e-02,2.489650e-01,3.822200e+01
2.566903e-02,2.499692e-01,3.819299e+01
2.590678e-02,2.509769e-01,3.816386e+01
2.614673e-02,2.519880e-01,3.813461e+01
2.638891e-02,2.530024e-01,3.810526e+01
2.663333e-02,2.540203e-01,3.807578e+01
2.688001e-02,2.550415e-01,3.804620e+01
2.712898e-02,2.560662e-01,3.801649e+01
2.738025e-02,2.570942e-01,3.798668e+01
2.763385e-02,2.581257e-01,3.795674e+01
2.788980e-02,2.591606e-01,3.792669e+01
2.814812e-02,2.601990e-01,3.789653e+01
2.840884e-02,2.612408e-01,3.786624e+01
2.867196e-02,2.622860e-01,3.783584e+01
2.893753e-02,2.633346e-01,3.780532e+01
2.920556e-02,2.643867e-01,3.777469e+01
2.947606e-02,2.654423e-01,3.774393e+01
2.974908e-02,2.665013e-01,3.771306e+01
3.002462e-02,2.675637e-01,3.768207e+01
3.030271e-02,2.686297e-01,3.765095e+01
3.058338e-02,2.696991e-01,3.761972e+01
3.086665e-02,2.707720e-01,3.758837e+01
3.115254e-02,2.718483e-01,3.755690e+01
3.144108e-02,2.729281e-01,3.752531e+01
3.173230e-02,2.740115e-01,3.749359e+01
3.202621e-02,2.750983e-01,3.746176e+01
3.232284e-02,2.761886e-01,3.742980e+01
3.262222e-02,2.772824e-01,3.739772e+01
3.292437e-02,2.783796e-01,3.736552e+01
3.322933e-02,2.794804e-01,3.733320e+01
3.353710e-02,2.805848e-01,3.730075e+01
3.384773e-02,2.816926e-01,3.726818e+01
3.416123e-02,2.828039e-01,3.723548e+01
3.447764e-02,2.839187e-01,3.720267e+01
3.479698e-02,2.850371e-01,3.716972e+01
3.511928e-02,2.861590e-01,3.713666e+01
3.544456e-02,2.872844e-01,3.710346e+01
3.577285e-02,2.884134e-01,3.707014e+01
3.610419e-02,2.895459e-01,3.703670e+01
3.643859e-02,2.906819e-01,3.700313e+01
3.677609e-02,2.918214e-01,3.696943e+01
3.711672e-02,2.929645e-01,3.693561e+01
3.746050e-02,2.941112e-01,3.690166e+01
3.780747e-02,2.952614e-01,3.686758e+01
3.815765e-02,2.964151e-01,3.683337e+01
3.851107e-02,2.975724e-01,3.679904e+01
3.886777e-02,2.987332e-01,3.676458e+01
3.922777e-02,2.998976e-01,3.672998e+01
3.959110e-02,3.010656e-01,3.669526e+01
3.995780e-02,3.022371e-01,3.666041e+01
4.032790e-02,3.034121e-01,3.662543e+01
4.070142e-02,3.045908e-01,3.659032e+01
4.107841e-02,3.057730e-01,3.655508e+01
4.145888e-02,3.069587e-01,3.651971e+01
4.184289e-02,3.081481e-01,3.648421e+01
4.223044e-02,3.093410e-01,3.644857e+01
4.262159e-02,3.105374e-01,3.641281e+01
4.301636e-02,3.117375e-01,3.637691e+01
4.341478e-02,3.129411e-01,3.634088e+01
4.381690e-02,3.141483e-01,3.630472e+01
4.422274e-02,3.153590e-01,3.626842e+01
4.463234e-02,3.165734e-01,3.623199e+01
4.504573e-02,3.177913e-01,3.619543e+01
4.546295e-02,3.190127e-01,3.615873e+01
4.588404e-02,3.202378e-01,3.612190e+01
4.630903e-02,3.214664e-01,3.608493e+01
4.673795e-02,3.226986e-01,3.604783e+01
4.717085e-02,3.239344e-01,3.601059e+01
4.760775e-02,3.251738e-01,3.597322e+01
4.804870e-02,3.264167e-01,3.593571e+01
4.849374e-02,3.276633e-01,3.589806e+01
4.894290e-02,3.289134e-01,3.586028e+01
4.939622e-02,3.301670e-01,3.582236e+01
4.985373e-02,3.314243e-01,3.578431e+01
5.031549e-02,3.326851e-01,3.574611e+01
5.078152e-02,3.339495e-01,3.570778e+01
5.125187e-02,3.352174e-01,3.566931e+01
5.172657e-02,3.364890e-01,3.563070e+01
5.220568e-02,3.377641e-01,3.559196e+01
5.268921e-02,3.390428e-01,3.555307e+01
5.317723e-02,3.403250e-01,3.551405e+01
5.366977e-02,3.416108e-01,3.547488e+01
5.416687e-02,3.429002e-01,3.543558e+01
5.466857e-02,3.441931e-01,3.539613e+01
5.517492e-02,3.454896e-01,3.535655e+01
5.568596e-02,3.467896e-01,3.531682e+01
5.620174e-02,3.480933e-01,3.527695e+01
5.672229e-02,3.494004e-01,3.523694e+01
5.724766e-02,3.507111e-01,3.519679e+01
5.777790e-02,3.520254e-01,3.515650e+01
5.831305e-02,3.533432e-01,3.511606e+01
5.885316e-02,3.546645e-01,3.507549e+01
5.939827e-02,3.559894e-01,3.503476e+01
5.994843e-02,3.573178e-01,3.499390e+01
6.050368e-02,3.586498e-01,3.495289e+01
6.106408e-02,3.599853e-01,3.491174e+01
6.162966e-02,3.613243e-01,3.487045e+01
6.220049e-02,3.626668e-01,3.482901e+01
6.277660e-02,3.640129e-01,3.478743e+01
6.335805e-02,3.653625e-01,3.474570e+01
6.394488e-02,3.667155e-01,3.470382e+01
6.453715e-02,3.680721e-01,3.466180e+01
6.513491e-02,3.694322e-01,3.461964e+01
6.573820e-02,3.707958e-01,3.457733e+01
6.634708e-02,3.721629e-01,3.453487e+01
6.696160e-02,3.735334e-01,3.449227e+01
6.758181e-02,3.749075e-01,3.444952e+01
6.820777e-02,3.762850e-01,3.440662e+01
6.883952e-02,3.776660e-01,3.436358e+01
6.947713e-02,3.790504e-01,3.432039e+01
7.012064e-02,3.804383e-01,3.427705e+01
7.077011e-02,3.818297e-01,3.423356e+01
7.142559e-02,3.832245e-01,3.418993e+01
7.208715e-02,3.846228e-01,3.414614e+01
7.275484e-02,3.860245e-01,3.410221e+01
7.342870e-02,3.874296e-01,3.405813e+01
7.410882e-02,3.888381e-01,3.401390e+01
7.479523e-02,3.902501e-01,3.396952e+01
7.548799e-02,3.916654e-01,3.392499e+01
7.618718e-02,3.930842e-01,3.388031e+01
7.689284e-02,3.945064e-01,3.383548e+01
7.760503e-02,3.959319e-01,3.379051e+01
7.832383e-02,3.973608e-01,3.374538e+01
7.904928e-02,3.987931e-01,3.370010e+01
7.978145e-02,4.002288e-01,3.365467e+01
8.052040e-02,4.016678e-01,3.360908e+01
8.126619e-02,4.031102e-01,3.356335e+01
8.201889e-02,4.045559e-01,3.351746e+01
8.277857e-02,4.060049e-01,3.347143e+01
8.354528e-02,4.074572e-01,3.342524e+01
8.431909e-02,4.089129e-01,3.337890e+01
8.510007e-02,4.103718e-01,3.333240e+01
8.588829e-02,4.118341e-01,3.328576e+01
8.668380e-02,4.132996e-01,3.323896e+01
8.748668e-02,4.147684e-01,3.319201e+01
8.829700e-02,4.162404e-01,3.314490e+01
8.911482e-02,4.177157e-01,3.309765e+01
8.994022e-02,4.191943e-01,3.305023e+01
9.077327e-02,4.206761e-01,3.300267e+01
9.161402e-02,4.221611e-01,3.295495e+01
9.246257e-02,4.236493e-01,3.290708e+01
9.331898e-02,4.251407e-01,3.285905e+01
9.418332e-02,4.266353e-01,3.281087e+01
9.505566e-02,4.281330e-01,3.276254e+01
9.593608e-02,4.296339e-01,3.271405e+01
9.682466e-02,4.311380e-01,3.266540e+01
9.772147e-02,4.326452e-01,3.261660e+01
9.862658e-02,4.341556e-01,3.256765e+01
9.954008e-02,4.356690e-01,3.251854e+01
1.004620e-01,4.371855e-01,3.246927e+01
1.013925e-01,4.387052e-01,3.241985e+01
1.023317e-01,4.402279e-01,3.237028e+01
1.032795e-01,4.417537e-01,3.232054e+01
1.042361e-01,4.432825e-01,3.227066e+01
1.052015e-01,4.448143e-01,3.222061e+01
1.061759e-01,4.463492e-01,3.217041e+01
1.071593e-01,4.478871e-01,3.212006e+01
1.081519e-01,4.494279e-01,3.206955e+01
1.091536e-01,4.509717e-01,3.201888e+01
1.101646e-01,4.525185e-01,3.196805e+01
1.111850e-01,4.540683e-01,3.191707e+01
1.122148e-01,4.556209e-01,3.186594e+01
1.132541e-01,4.571765e-01,3.181464e+01
1.143031e-01,4.587350e-01,3.176319e+01
1.153618e-01,4.602964e-01,3.171158e+01
1.164303e-01,4.618606e-01,3.165982e+01
1.175087e-01,4.634277e-01,3.160789e+01
1.185971e-01,4.649976e-01,3.155582e+01
1.196956e-01,4.665703e-01,3.150358e+01
1.208042e-01,4.681458e-01,3.145119e+01
1.219231e-01,4.697241e-01,3.139864e+01
1.230524e-01,4.713052e-01,3.134593e+01
1.241921e-01,4.728890e-01,3.129306e+01
1.253424e-01,4.744756e-01,3.124004e+01
1.265034e-01,4.760648e-01,3.118686e+01
1.276751e-01,4.776568e-01,3.113352e+01
1.288576e-01,4.792514e-01,3.108003e+01
1.300511e-01,4.808487e-01,3.102638e+01
1.312557e-01,4.824486e-01,3.097257e+01
1.324714e-01,4.840511e-01,3.091860e+01
1.336984e-01,4.856562e-01,3.086448e+01
1.349367e-01,4.872639e-01,3.081020e+01
1.361865e-01,4.888742e-01,3.075576e+01
1.374479e-01,4.904870e-01,3.070116e+01
1.387210e-01,4.921023e-01,3.064641e+01
1.400058e-01,4.937201e-01,3.059150e+01
1.413026e-01,4.953404e-01,3.053643e+01
1.426114e-01,4.969631e-01,3.048121e+01
1.439323e-01,4.985882e-01,3.042582e+01
1.452654e-01,5.002158e-01,3.037028e+01
1.466109e-01,5.018457e-01,3.031459e+01
1.479688e-01,5.034781e-01,3.025873e+01
1.493393e-01,5.051127e-01,3.020272e+01
1.507225e-01,5.067497e-01,3.014655e+01
1.521186e-01,5.083890e-01,3.009023e+01
1.535275e-01,5.100305e-01,3.003375e+01
1.549495e-01,5.116743e-01,2.997711e+01
1.563847e-01,5.133204e-01,2.992031e+01
1.578331e-01,5.149686e-01,2.986336e+01
1.592950e-01,5.166190e-01,2.980626e+01
1.607704e-01,5.182716e-01,2.974899e+01
1.622595e-01,5.199262e-01,2.969157e+01
1.637624e-01,5.215830e-01,2.963400e+01
1.652792e-01,5.232419e-01,2.957627e+01
1.668101e-01,5.249029e-01,2.951838e+01
1.683551e-01,5.265658e-01,2.946034e+01
1.699144e-01,5.282308e-01,2.940214e+01
1.714882e-01,5.298977e-01,2.934378e+01
1.730766e-01,5.315666e-01,2.928528e+01
1.746796e-01,5.332374e-01,2.922661e+01
1.762975e-01,5.349102e-01,2.916779e+01
1.779304e-01,5.365847e-01,2.910882e+01
1.795785e-01,5.382612e-01,2.904969e+01
1.812418e-01,5.399394e-01,2.899041e+01
1.829205e-01,5.416195e-01,2.893098e+01
1.846147e-01,5.433012e-01,2.887139e+01
1.863246e-01,5.449848e-01,2.881165e+01
1.880504e-01,5.466700e-01,2.875175e+01
1.897922e-01,5.483569e-01,2.869170e+01
1.915501e-01,5.500455e-01,2.863150e+01
1.933242e-01,5.517356e-01,2.857115e+01
1.951148e-01,5.534274e-01,2.851064e+01
1.969220e-01,5.551207e-01,2.844998e+01
1.987460e-01,5.568155e-01,2.838917e+01
2.005868e-01,5.585119e-01,2.832821e+01
2.024447e-01,5.602097e-01,2.826710e+01
2.043197e-01,5.619089e-01,2.820583e+01
2.062122e-01,5.636095e-01,2.814442e+01
2.081222e-01,5.653116e-01,2.808285e+01
2.100498e-01,5.670149e-01,2.802114e+01
2.119953e-01,5.687196e-01,2.795927e+01
2.139589e-01,5.704255e-01,2.789726e+01
2.159406e-01,5.721327e-01,2.783510e+01
2.179407e-01,5.738411e-01,2.777278e+01
2.199593e-01,5.755507e-01,2.771032e+01
2.219966e-01,5.772615e-01,2.764772e+01
2.240528e-01,5.789733e-01,2.758496e+01
2.261280e-01,5.806863e-01,2.752206e+01
2.282224e-01,5.824003e-01,2.745901e+01
2.303363e-01,5.841153e-01,2.739581e+01
2.324697e-01,5.858313e-01,2.733247e+01
2.346229e-01,5.875482e-01,2.726898e+01
2.367960e-01,5.892660e-01,2.720535e+01
2.389893e-01,5.909848e-01,2.714157e+01
2.412028e-01,5.927043e-01,2.707765e+01
2.434369e-01,5.944247e-01,2.701359e+01
2.456916e-01,5.961458e-01,2.694938e+01
2.479673e-01,5.978677e-01,2.688503e+01
2.502640e-01,5.995903e-01,2.682053e+01
2.525820e-01,6.013136e-01,2.675590e+01
2.549215e-01,6.030374e-01,2.669112e+01
2.572826e-01,6.047619e-01,2.662620e+01
2.596656e-01,6.064869e-01,2.656114e+01
2.620707e-01,6.082125e-01,2.649594e+01
2.644980e-01,6.099385e-01,2.643060e+01
2.669478e-01,6.116649e-01,2.636513e+01
2.694204e-01,6.133918e-01,2.629951e+01
2.719158e-01,6.151190e-01,2.623376e+01
2.744343e-01,6.168466e-01,2.616787e+01
2.769762e-01,6.185745e-01,2.610184e+01
2.795416e-01,6.203026e-01,2.603568e+01
2.821308e-01,6.220309e-01,2.596938e+01
2.847439e-01,6.237594e-01,2.590295e+01
2.873813e-01,6.254880e-01,2.583638e+01
2.900430e-01,6.272168e-01,2.576968e+01
2.927295e-01,6.289456e-01,2.570284e+01
2.954408e-01,6.306744e-01,2.563588e+01
2.981772e-01,6.324032e-01,2.556878e+01
3.009390e-01,6.341319e-01,2.550155e+01
3.037264e-01,6.358605e-01,2.543419e+01
3.065395e-01,6.375890e-01,2.536670e+01
3.093788e-01,6.393173e-01,2.529908e+01
3.122443e-01,6.410453e-01,2.523133e+01
3.151363e-01,6.427731e-01,2.516346e+01
3.180552e-01,6.445006e-01,2.509546e+01
3.210011e-01,6.462278e-01,2.502733e+01
3.239743e-01,6.479545e-01,2.495908e+01
3.269750e-01,6.496808e-01,2.489070e+01
3.300035e-01,6.514067e-01,2.482220e+01
3.330600e-01,6.531320e-01,2.475357e+01
3.361449e-01,6.548568e-01,2.468482e+01
3.392583e-01,6.565809e-01,2.461596e+01
3.424006e-01,6.583045e-01,2.454697e+01
3.455720e-01,6.600273e-01,2.447786e+01
3.487727e-01,6.617494e-01,2.440863e+01
3.520031e-01,6.634707e-01,2.433928e+01
3.552635e-01,6.651913e-01,2.426982e+01
3.585540e-01,6.669109e-01,2.420024e+01
3.618750e-01,6.686297e-01,2.413054e+01
3.652267e-01,6.703475e-01,2.406073e+01
3.686095e-01,6.720643e-01,2.399080e+01
3.720237e-01,6.737801e-01,2.392076e+01
3.754694e-01,6.754948e-01,2.385061e+01
3.789471e-01,6.772084e-01,2.378035e+01
3.824570e-01,6.789208e-01,2.370998e+01
3.859994e-01,6.806320e-01,2.363949e+01
3.895746e-01,6.823419e-01,2.356890e+01
3.931829e-01,6.840505e-01,2.349820e+01
3.968246e-01,6.857578e-01,2.342740e+01
4.005001e-01,6.874637e-01,2.335649e+01
4.042096e-01,6.891682e-01,2.328547e+01
4.079535e-01,6.908712e-01,2.321436e+01
4.117320e-01,6.925726e-01,2.314314e+01
4.155455e-01,6.942725e-01,2.307181e+01
4.193944e-01,6.959708e-01,2.300039e+01
4.232789e-01,6.976674e-01,2.292887e+01
4.271994e-01,6.993622e-01,2.285725e+01
4.311562e-01,7.010554e-01,2.278553e+01
4.351497e-01,7.027467e-01,2.271371e+01
4.391801e-01,7.044362e-01,2.264180e+01
4.432479e-01,7.061238e-01,2.256980e+01
4.473533e-01,7.078094e-01,2.249770e+01
4.514968e-01,7.094931e-01,2.242552e+01
4.556786e-01,7.111747e-01,2.235324e+01
4.598992e-01,7.128542e-01,2.228087e+01
4.641589e-01,7.145317e-01,2.220841e+01
4.684580e-01,7.162069e-01,2.213587e+01
4.727970e-01,7.178799e-01,2.206324e+01
4.771761e-01,7.195507e-01,2.199052e+01
4.815958e-01,7.212192e-01,2.191772e+01
4.860564e-01,7.228853e-01,2.184484e+01
4.905584e-01,7.245489e-01,2.177188e+01
4.951020e-01,7.262102e-01,2.169884e+01
4.996877e-01,7.278689e-01,2.162571e+01
5.043159e-01,7.295251e-01,2.155252e+01
5.089870e-01,7.311787e-01,2.147924e+01
5.137014e-01,7.328297e-01,2.140589e+01
5.184594e-01,7.344780e-01,2.133247e+01
5.232614e-01,7.361236e-01,2.125897e+01
5.281080e-01,7.377663e-01,2.118540e+01
5.329994e-01,7.394063e-01,2.111177e+01
5.379362e-01,7.410434e-01,2.103806e+01
5.429186e-01,7.426775e-01,2.096429e+01
5.479472e-01,7.443087e-01,2.089045e+01
5.530224e-01,7.459369e-01,2.081655e+01
5.581446e-01,7.475621e-01,2.074258e+01
5.633143e-01,7.491841e-01,2.066856e+01
5.685318e-01,7.508030e-01,2.059447e+01
5.737976e-01,7.524187e-01,2.052033e+01
5.791123e-01,7.540311e-01,2.044612e+01
5.844761e-01,7.556403e-01,2.037186e+01
5.898896e-01,7.572461e-01,2.029755e+01
5.953533e-01,7.588485e-01,2.022318e+01
6.008676e-01,7.604476e-01,2.014877e+01
6.064329e-01,7.620431e-01,2.007430e+01
6.120498e-01,7.636351e-01,1.999978e+01
6.177188e-01,7.652236e-01,1.992522e+01
6.234402e-01,7.668084e-01,1.985061e+01
6.292146e-01,7.683896e-01,1.977596e+01
6.350425e-01,7.699671e-01,1.970126e+01
6.409244e-01,7.715409e-01,1.962652e+01
6.468608e-01,7.731108e-01,1.955175e+01
6.528521e-01,7.746769e-01,1.947693e+01
6.588990e-01,7.762392e-01,1.940208e+01
6.650018e-01,7.777975e-01,1.932720e+01
6.711612e-01,7.793518e-01,1.925228e+01
6.773776e-01,7.809022e-01,1.917733e+01
6.836516e-01,7.824484e-01,1.910235e+01
6.899837e-01,7.839906e-01,1.902734e+01
6.963745e-01,7.855286e-01,1.895230e+01
7.028244e-01,7.870625e-01,1.887724e+01
7.093341e-01,7.885921e-01,1.880216e+01
7.159041e-01,7.901174e-01,1.872705e+01
7.225349e-01,7.916384e-01,1.865193e+01
7.292272e-01,7.931550e-01,1.857678e+01
7.359814e-01,7.946672e-01,1.850162e+01
7.427982e-01,7.961750e-01,1.842644e+01
7.496782e-01,7.976783e-01,1.835125e+01
7.566219e-01,7.991771e-01,1.827605e+01
7.636298e-01,8.006713e-01,1.820084e+01
7.707027e-01,8.021608e-01,1.812562e+01
7.778411e-01,8.036457e-01,1.805039e+01
7.850456e-01,8.051259e-01,1.797516e+01
7.923169e-01,8.066014e-01,1.789993e+01
7.996555e-01,8.080721e-01,1.782469e+01
8.070620e-01,8.095379e-01,1.774946e+01
8.145372e-01,8.109989e-01,1.767423e+01
8.220816e-01,8.124550e-01,1.759900e+01
8.296959e-01,8.139062e-01,1.752377e+01
8.373807e-01,8.153524e-01,1.744856e+01
8.451366e-01,8.167935e-01,1.737335e+01
8.529644e-01,8.182296e-01,1.729816e+01
8.608648e-01,8.196606e-01,1.722298e+01
8.688383e-01,8.210865e-01,1.714781e+01
8.768856e-01,8.225072e-01,1.707266e+01
8.850075e-01,8.239227e-01,1.699753e+01
8.932046e-01,8.253329e-01,1.692242e+01
9.014776e-01,8.267379e-01,1.684733e+01
9.098273e-01,8.281375e-01,1.677226e+01
9.182543e-01,8.295318e-01,1.669723e+01
9.267593e-01,8.309207e-01,1.662222e+01
9.353432e-01,8.323041e-01,1.654723e+01
9.440065e-01,8.336821e-01,1.647229e+01
9.527500e-01,8.350546e-01,1.639737e+01
9.615746e-01,8.364216e-01,1.632249e+01
9.704809e-01,8.377830e-01,1.624765e+01
9.794697e-01,8.391388e-01,1.617284e+01
9.885417e-01,8.404889e-01,1.609808e+01
9.976978e-01,8.418334e-01,1.602336e+01
1.006939e+00,8.431722e-01,1.594869e+01
1.016265e+00,8.445053e-01,1.587406e+01
1.025678e+00,8.458326e-01,1.579948e+01
1.035178e+00,8.471541e-01,1.572495e+01
1.044766e+00,8.484698e-01,1.565048e+01
1.054443e+00,8.497797e-01,1.557606e+01
1.064209e+00,8.510836e-01,1.550170e+01
1.074066e+00,8.523817e-01,1.542739e+01
1.084014e+00,8.536738e-01,1.535315e+01
1.094055e+00,8.549599e-01,1.527896e+01
1.104188e+00,8.562401e-01,1.520485e+01
1.114415e+00,8.575142e-01,1.513080e+01
1.124737e+00,8.587822e-01,1.505681e+01
1.135155e+00,8.600442e-01,1.498290e+01
1.145669e+00,8.613001e-01,1.490906e+01
1.156280e+00,8.625498e-01,1.483530e+01
1.166990e+00,8.637934e-01,1.476161e+01
1.177799e+00,8.650308e-01,1.468800e+01
1.188708e+00,8.662620e-01,1.461447e+01
1.199718e+00,8.674869e-01,1.454102e+01
1.210830e+00,8.687057e-01,1.446766e+01
1.222045e+00,8.699181e-01,1.439438e+01
1.233363e+00,8.711242e-01,1.432119e+01
1.244787e+00,8.723240e-01,1.424809e+01
1.256317e+00,8.735175e-01,1.417508e+01
1.267953e+00,8.747046e-01,1.410217e+01
1.279697e+00,8.758853e-01,1.402935e+01
1.291550e+00,8.770596e-01,1.395663e+01
1.303512e+00,8.782275e-01,1.388401e+01
1.315586e+00,8.793890e-01,1.381150e+01
1.327771e+00,8.805440e-01,1.373908e+01
1.340069e+00,8.816925e-01,1.366678e+01
1.352481e+00,8.828345e-01,1.359458e+01
1.365008e+00,8.839700e-01,1.352249e+01
1.377651e+00,8.850990e-01,1.345051e+01
1.390411e+00,8.862214e-01,1.337865e+01
1.403289e+00,8.873373e-01,1.330690e+01
1.416287e+00,8.884466e-01,1.323528e+01
1.429405e+00,8.895493e-01,1.316377e+01
1.442644e+00,8.906455e-01,1.309238e+01
1.456006e+00,8.917350e-01,1.302111e+01
1.469492e+00,8.928179e-01,1.294998e+01
1.483103e+00,8.938941e-01,1.287897e+01
1.496839e+00,8.949637e-01,1.280808e+01
1.510703e+00,8.960266e-01,1.273733e+01
1.524696e+00,8.970829e-01,1.266672e+01
1.538818e+00,8.981325e-01,1.259624e+01
1.553071e+00,8.991754e-01,1.252589e+01
1.567455e+00,9.002116e-01,1.245569e+01
1.581973e+00,9.012412e-01,1.238563e+01
1.596626e+00,9.022640e-01,1.231570e+01
1.611414e+00,9.032801e-01,1.224593e+01
1.626340e+00,9.042894e-01,1.217630e+01
1.641403e+00,9.052921e-01,1.210682e+01
1.656606e+00,9.062880e-01,1.203749e+01
1.671950e+00,9.072771e-01,1.196831e+01
1.687436e+00,9.082596e-01,1.189929e+01
1.703065e+00,9.092353e-01,1.183042e+01
1.718839e+00,9.102042e-01,1.176171e+01
1.734759e+00,9.111664e-01,1.169316e+01
1.750827e+00,9.121219e-01,1.162477e+01
1.767044e+00,9.130706e-01,1.155655e+01
1.783410e+00,9.140125e-01,1.148849e+01
1.799929e+00,9.149477e-01,1.142059e+01
1.816600e+00,9.158762e-01,1.135287e+01
1.833425e+00,9.167979e-01,1.128531e+01
1.850407e+00,9.177128e-01,1.121793e+01
1.867546e+00,9.186211e-01,1.115073e+01
1.884843e+00,9.195225e-01,1.108369e+01
1.902301e+00,9.204173e-01,1.101684e+01
1.919921e+00,9.213053e-01,1.095016e+01
1.937703e+00,9.221866e-01,1.088367e+01
1.955651e+00,9.230612e-01,1.081736e+01
1.973764e+00,9.239290e-01,1.075123e+01
1.992046e+00,9.247902e-01,1.068529e+01
2.010496e+00,9.256446e-01,1.061953e+01
2.029118e+00,9.264924e-01,1.055397e+01
2.047912e+00,9.273335e-01,1.048859e+01
2.066880e+00,9.281679e-01,1.042341e+01
2.086024e+00,9.289956e-01,1.035842e+01
2.105345e+00,9.298167e-01,1.029363e+01
2.124845e+00,9.306311e-01,1.022904e+01
2.144526e+00,9.314389e-01,1.016464e+01
2.164389e+00,9.322401e-01,1.010045e+01
2.184436e+00,9.330347e-01,1.003645e+01
2.204669e+00,9.338227e-01,9.972662e+00
2.225089e+00,9.346040e-01,9.909076e+00
2.245698e+00,9.353789e-01,9.845697e+00
2.266498e+00,9.361471e-01,9.782526e+00
2.287491e+00,9.369089e-01,9.719563e+00
2.308678e+00,9.376641e-01,9.656812e+00
2.330061e+00,9.384128e-01,9.594273e+00
2.351643e+00,9.391550e-01,9.531947e+00
2.373424e+00,9.398907e-01,9.469836e+00
2.395407e+00,9.406200e-01,9.407941e+00
2.417594e+00,9.413428e-01,9.346264e+00
2.439986e+00,9.420592e-01,9.284806e+00
2.462586e+00,9.427692e-01,9.223569e+00
2.485395e+00,9.434728e-01,9.162552e+00
2.508415e+00,9.441700e-01,9.101759e+00
2.531648e+00,9.448610e-01,9.041190e+00
2.555097e+00,9.455455e-01,8.980846e+00
2.578763e+00,9.462238e-01,8.920728e+00
2.602648e+00,9.468958e-01,8.860839e+00
2.626754e+00,9.475616e-01,8.801178e+00
2.651084e+00,9.482211e-01,8.741747e+00
2.675638e+00,9.488744e-01,8.682548e+00
2.700421e+00,9.495215e-01,8.623581e+00
2.725433e+00,9.501624e-01,8.564848e+00
2.750676e+00,9.507972e-01,8.506349e+00
2.776153e+00,9.514259e-01,8.448085e+00
2.801867e+00,9.520485e-01,8.390059e+00
2.827818e+00,9.526650e-01,8.332270e+00
2.854010e+00,9.532755e-01,8.274720e+00
2.880444e+00,9.538800e-01,8.217409e+00
2.907123e+00,9.544785e-01,8.160339e+00
2.934050e+00,9.550710e-01,8.103511e+00
2.961225e+00,9.556576e-01,8.046925e+00
2.988653e+00,9.562383e-01,7.990583e+00
3.016334e+00,9.568131e-01,7.934485e+00
3.044272e+00,9.573820e-01,7.878632e+00
3.072469e+00,9.579452e-01,7.823025e+00
3.100927e+00,9.585026e-01,7.767665e+00
3.129648e+00,9.590542e-01,7.712553e+00
3.158635e+00,9.596000e-01,7.657689e+00
3.187891e+00,9.601402e-01,7.603074e+00
3.217418e+00,9.606747e-01,7.548708e+00
3.247218e+00,9.612036e-01,7.494594e+00
3.277295e+00,9.617268e-01,7.440730e+00
3.307650e+00,9.622445e-01,7.387119e+00
3.338286e+00,9.627566e-01,7.333760e+00
3.369206e+00,9.632633e-01,7.280654e+00
3.400412e+00,9.637644e-01,7.227802e+00
3.431907e+00,9.642601e-01,7.175204e+00
3.463694e+00,9.647504e-01,7.122861e+00
3.495776e+00,9.652353e-01,7.070774e+00
3.528154e+00,9.657148e-01,7.018942e+00
3.560833e+00,9.661891e-01,6.967367e+00
3.593814e+00,9.666580e-01,6.916049e+00
3.627100e+00,9.671217e-01,6.864988e+00
3.660695e+00,9.675802e-01,6.814184e+00
3.694601e+00,9.680336e-01,6.763639e+00
3.728821e+00,9.684817e-01,6.713352e+00
3.763358e+00,9.689248e-01,6.663324e+00
3.798215e+00,9.693628e-01,6.613555e+00
3.833395e+00,9.697957e-01,6.564045e+00
3.868901e+00,9.702237e-01,6.514796e+00
3.904735e+00,9.706467e-01,6.465806e+00
3.940902e+00,9.710647e-01,6.417076e+00
3.977403e+00,9.714779e-01,6.368607e+00
4.014242e+00,9.718861e-01,6.320399e+00
4.051423e+00,9.722896e-01,6.272451e+00
4.088948e+00,9.726883e-01,6.224764e+00
4.126821e+00,9.730822e-01,6.177339e+00
4.165044e+00,9.734714e-01,6.130174e+00
4.203622e+00,9.738559e-01,6.083271e+00
4.242556e+00,9.742358e-01,6.036629e+00
4.281852e+00,9.746111e-01,5.990248e+00
4.321511e+00,9.749818e-01,5.944129e+00
4.361538e+00,9.753479e-01,5.898272e+00
4.401935e+00,9.757096e-01,5.852675e+00
4.442707e+00,9.760668e-01,5.807340e+00
4.483856e+00,9.764196e-01,5.762266e+00
4.525386e+00,9.767680e-01,5.717454e+00
4.567301e+00,9.771120e-01,5.672902e+00
4.609604e+00,9.774517e-01,5.628611e+00
4.652300e+00,9.777872e-01,5.584581e+00
4.695390e+00,9.781184e-01,5.540812e+00
4.738880e+00,9.784454e-01,5.497303e+00
4.782772e+00,9.787683e-01,5.454054e+00
4.827071e+00,9.790870e-01,5.411066e+00
4.871780e+00,9.794016e-01,5.368337e+00
4.916904e+00,9.797122e-01,5.325867e+00
4.962445e+00,9.800188e-01,5.283657e+00
5.008408e+00,9.803214e-01,5.241706e+00
5.054797e+00,9.806200e-01,5.200013e+00
5.101615e+00,9.809147e-01,5.158578e+00
5.148867e+00,9.812056e-01,5.117401e+00
5.196557e+00,9.814926e-01,5.076482e+00
5.244689e+00,9.817759e-01,5.035819e+00
5.293266e+00,9.820554e-01,4.995413e+00
5.342293e+00,9.823311e-01,4.955264e+00
5.391775e+00,9.826032e-01,4.915370e+00
5.441714e+00,9.828716e-01,4.875731e+00
5.492116e+00,9.831364e-01,4.836347e+00
5.542986e+00,9.833977e-01,4.797218e+00
5.594326e+00,9.836553e-01,4.758342e+00
5.646141e+00,9.839095e-01,4.719719e+00
5.698437e+00,9.841603e-01,4.681349e+00
5.751217e+00,9.844075e-01,4.643231e+00
5.804486e+00,9.846514e-01,4.605364e+00
5.858248e+00,9.848920e-01,4.567749e+00
5.912508e+00,9.851292e-01,4.530383e+00
5.967271e+00,9.853631e-01,4.493267e+00
6.022541e+00,9.855937e-01,4.456400e+00
6.078323e+00,9.858212e-01,4.419781e+00
6.134622e+00,9.860454e-01,4.383410e+00
6.191442e+00,9.862665e-01,4.347285e+00
6.248788e+00,9.864845e-01,4.311407e+00
6.306666e+00,9.866994e-01,4.275774e+00
6.365079e+00,9.869112e-01,4.240386e+00
6.424034e+00,9.871201e-01,4.205242e+00
6.483534e+00,9.873259e-01,4.170341e+00
6.543586e+00,9.875288e-01,4.135682e+00
6.604194e+00,9.877288e-01,4.101265e+00
6.665363e+00,9.879259e-01,4.067089e+00
6.727099e+00,9.881202e-01,4.033153e+00
6.789407e+00,9.883117e-01,3.999455e+00
6.852292e+00,9.885004e-01,3.965996e+00
6.915759e+00,9.886863e-01,3.932775e+00
6.979814e+00,9.888695e-01,3.899789e+00
7.044462e+00,9.890500e-01,3.867040e+00
7.109709e+00,9.892279e-01,3.834525e+00
7.175561e+00,9.894032e-01,3.802245e+00
7.242022e+00,9.895758e-01,3.770197e+00
7.309099e+00,9.897460e-01,3.738381e+00
7.376798e+00,9.899135e-01,3.706796e+00
7.445123e+00,9.900786e-01,3.675442e+00
7.514081e+00,9.902413e-01,3.644316e+00
7.583678e+00,9.904015e-01,3.613419e+00
7.653919e+00,9.905593e-01,3.582749e+00
7.724811e+00,9.907147e-01,3.552306e+00
7.796360e+00,9.908678e-01,3.522087e+00
7.868572e+00,9.910185e-01,3.492093e+00
7.941452e+00,9.911670e-01,3.462323e+00
8.015007e+00,9.913132e-01,3.432774e+00
8.089243e+00,9.914572e-01,3.403447e+00
8.164168e+00,9.915990e-01,3.374340e+00
8.239786e+00,9.917387e-01,3.345452e+00
8.316104e+00,9.918762e-01,3.316783e+00
8.393129e+00,9.920115e-01,3.288330e+00
8.470868e+00,9.921448e-01,3.260094e+00
8.549327e+00,9.922761e-01,3.232073e+00
8.628513e+00,9.924053e-01,3.204265e+00
8.708431e+00,9.925325e-01,3.176670e+00
8.789091e+00,9.926577e-01,3.149288e+00
8.870497e+00,9.927810e-01,3.122115e+00
8.952657e+00,9.929023e-01,3.095153e+00
9.035578e+00,9.930217e-01,3.068399e+00
9.119268e+00,9.931393e-01,3.041852e+00
9.203732e+00,9.932550e-01,3.015512e+00
9.288979e+00,9.933690e-01,2.989377e+00
9.375015e+00,9.934811e-01,2.963446e+00
9.461848e+00,9.935914e-01,2.937717e+00
9.549486e+00,9.937000e-01,2.912191e+00
9.637935e+00,9.938069e-01,2.886866e+00
9.727203e+00,9.939120e-01,2.861740e+00
9.817298e+00,9.940155e-01,2.836813e+00
9.908228e+00,9.941173e-01,2.812082e+00
1.000000e+01,9.942176e-01,2.787549e+00
